sno,sna,tot,sbi,sarea,mday,lat,lng,ar,sareaen,snaen,aren,bemp,act,srcUpdateTime,updateTime,infoTime,infoDate
500101001,YouBike2.0_捷運科技大樓站,29,15,大安區,2022-05-22 08:24:11,25.02605,121.5436,復興南路二段235號前,Daan Dist.,YouBike2.0_MRT Technology Bldg. Sta.,No.235， Sec. 2， Fuxing S. Rd.,14,1,2022-05-22 08:30:20,2022-05-22 08:30:51,2022-05-22 08:24:11,2022-05-22
500101002,YouBike2.0_復興南路二段273號前,21,17,大安區,2022-05-22 08:24:11,25.02565,121.54357,復興南路二段273號西側,Daan Dist.,YouBike2.0_No.273， Sec. 2， Fuxing S. Rd.,No.273， Sec. 2， Fuxing S. Rd. (West),4,1,2022-05-22 08:30:20,2022-05-22 08:30:51,2022-05-22 08:24:11,2022-05-22
500101003,YouBike2.0_國北教大實小東側門,16,10,大安區,2022-05-22 08:13:11,25.02429,121.54124,和平東路二段96巷7號,Daan Dist.,YouBike2.0_NTUE Experiment Elementary School (East),No. 7， Ln. 96， Sec. 2， Heping E. Rd,6,1,2022-05-22 08:30:20,2022-05-22 08:30:51,2022-05-22 08:13:11,2022-05-22
500101004,YouBike2.0_和平公園東側,11,3,大安區,2022-05-22 08:27:11,25.02351,121.54282,和平東路二段118巷33號,Daan Dist.,YouBike2.0_Heping Park (East),No. 33， Ln. 118， Sec. 2， Heping E. Rd,8,1,2022-05-22 08:30:20,2022-05-22 08:30:51,2022-05-22 08:27:11,2022-05-22
500101005,YouBike2.0_辛亥復興路口西北側,16,5,大安區,2022-05-22 08:28:38,25.02153,121.54299,復興南路二段368號,Daan Dist.,YouBike2.0_Xinhai Fuxing Rd. Intersection (Northwest),No. 368， Sec. 2， Fuxing S. Rd.,11,1,2022-05-22 08:30:20,2022-05-22 08:30:51,2022-05-22 08:28:38,2022-05-22
500101006,YouBike2.0_復興南路二段280號前,11,8,大安區,2022-05-22 08:13:11,25.02429,121.54328,復興南路二段280號,Daan Dist.,YouBike2.0_No. 280， Sec. 2， Fuxing S. Rd.,No. 280， Sec. 2， Fuxing S. Rd.,3,1,2022-05-22 08:30:20,2022-05-22 08:30:51,2022-05-22 08:13:11,2022-05-22
500101007,YouBike2.0_復興南路二段340巷口,11,5,大安區,2022-05-22 08:03:11,25.02253,121.54326,復興南路二段342號,Daan Dist.,YouBike2.0_Ln. 340， Sec. 2， Fuxing S. Rd.,No. 342， Sec. 2， Fuxing S. Rd.,6,1,2022-05-22 08:30:20,2022-05-22 08:30:51,2022-05-22 08:03:11,2022-05-22
500101008,YouBike2.0_新生南路三段52號前,17,2,大安區,2022-05-22 08:05:11,25.02112,121.53407,新生南路三段52號,Daan Dist.,YouBike2.0_No. 52， Sec. 3， Xinsheng S. Rd.,No. 52， Sec. 3， Xinsheng S. Rd.,15,1,2022-05-22 08:30:20,2022-05-22 08:30:51,2022-05-22 08:05:11,2022-05-22
500101009,YouBike2.0_新生南路三段66號前,16,10,大安區,2022-05-22 08:13:38,25.01976,121.53384,新生南路三段66號東側,Daan Dist.,YouBike2.0_No. 66， Sec. 3， Xinsheng S. Rd.,No. 66， Sec. 3， Xinsheng S. Rd. (East),6,1,2022-05-22 08:30:20,2022-05-22 08:30:51,2022-05-22 08:13:38,2022-05-22
500101010,YouBike2.0_新生南路三段82號前,20,12,大安區,2022-05-22 08:27:11,25.01894,121.53361,新生南路三段82號,Daan Dist.,YouBike2.0_No. 82， Sec. 3， Xinsheng S. Rd.,No. 82， Sec. 3， Xinsheng S. Rd.,8,1,2022-05-22 08:30:20,2022-05-22 08:30:51,2022-05-22 08:27:11,2022-05-22
500101012,YouBike2.0_辛亥路一段30號前,8,1,大安區,2022-05-22 08:26:12,25.01986,121.52982,辛亥路一段30號,Daan Dist.,YouBike2.0_No. 30， Sec. 1， Xinhai Rd.,No. 30， Sec. 1， Xinhai Rd.,7,1,2022-05-22 08:30:20,2022-05-22 08:30:51,2022-05-22 08:26:12,2022-05-22
500101013,YouBike2.0_和平復興路口西北側,9,4,大安區,2022-05-22 08:27:37,25.02543,121.54332,復興南路二段236號,Daan Dist.,YouBike2.0_Heping Fuxing Rd. Intersection (Northwest),No. 236， Sec. 2， Fuxing S. Rd.,5,1,2022-05-22 08:30:20,2022-05-22 08:30:51,2022-05-22 08:27:37,2022-05-22
500101014,YouBike2.0_羅斯福路三段311號前,11,5,大安區,2022-05-22 08:29:11,25.01717,121.53202,羅斯福路三段311號,Daan Dist.,YouBike2.0_No. 311， Sec. 3， Roosevelt Rd.,No. 311， Sec. 3， Roosevelt Rd.,6,1,2022-05-22 08:30:20,2022-05-22 08:30:51,2022-05-22 08:29:11,2022-05-22
500101015,YouBike2.0_大安運動中心停車場,14,1,大安區,2022-05-22 08:29:38,25.020348,121.546446,敦南街76巷28號,Daan Dist.,YouBike2.0_Taipei Da-an Sports Center Parking lot,No. 28， Ln. 76， Dunnan St.,13,1,2022-05-22 08:30:20,2022-05-22 08:30:51,2022-05-22 08:29:38,2022-05-22
500101016,YouBike2.0_羅斯福路三段245號前,8,1,大安區,2022-05-22 08:03:04,25.01927,121.52989,羅斯福路三段245號,Daan Dist.,YouBike2.0_No. 245， Sec. 3， Roosevelt Rd.,No. 245， Sec. 3， Roosevelt Rd.,7,1,2022-05-22 08:30:20,2022-05-22 08:30:51,2022-05-22 08:03:04,2022-05-22
500101017,YouBike2.0_羅斯福路三段269巷5號前,10,0,大安區,2022-05-03 16:02:13,25.01913,121.53079,羅斯福路三段269巷5號,Daan Dist.,YouBike2.0_No. 5， Ln. 269， Sec. 3， Roosevelt Rd.,No. 5， Ln. 269， Sec. 3， Roosevelt Rd.,10,0,2022-05-22 08:30:20,2022-05-22 08:30:51,2022-05-03 16:02:13,2022-05-03
500101018,YouBike2.0_溫州公園,5,4,大安區,2022-05-22 07:03:03,25.01895,121.53156,羅斯福路三段283巷11號,Daan Dist.,YouBike2.0_Wenzhou Park,No. 11， Ln. 283， Sec. 3， Roosevelt Rd.,1,1,2022-05-22 08:30:20,2022-05-22 08:30:51,2022-05-22 07:03:03,2022-05-22
500101019,YouBike2.0_和平臥龍街口,15,6,大安區,2022-05-22 08:23:11,25.024461,121.546705,臥龍街1號,Daan Dist.,YouBike2.0_Heping Wolong St. Intersection,No. 1， Wolong St.,9,1,2022-05-22 08:30:20,2022-05-22 08:30:51,2022-05-22 08:23:11,2022-05-22
500101020,YouBike2.0_溫州停車場,5,4,大安區,2022-05-22 07:19:03,25.02093,121.5331,新生南路三段54巷/溫州街口,Daan Dist.,YouBike2.0_Wenzhou Parking Lot,Ln. 54， Sec. 3， Xinsheng S. Rd. & Wenzhou St. Intersection,1,1,2022-05-22 08:30:20,2022-05-22 08:30:51,2022-05-22 07:19:03,2022-05-22
500101021,YouBike2.0_銘傳國小側門,7,1,大安區,2022-05-22 07:34:04,25.01385,121.53549,羅斯福路四段21號旁天橋下,Daan Dist.,YouBike2.0_Taipei Municipal MingChuan Elementary School(Side Gate),No. 21， Sec. 4， Roosevelt Rd.,6,1,2022-05-22 08:30:20,2022-05-22 08:30:51,2022-05-22 07:34:04,2022-05-22
500101022,YouBike2.0_捷運公館站(2號出口),99,38,大安區,2022-05-22 08:29:38,25.01491,121.53438,捷運公館站(2號出口)外側,Daan Dist.,YouBike2.0_MRT Gongguan Sta. (Exit 2),MRT Gongguan Sta. (Exit 2),61,1,2022-05-22 08:30:20,2022-05-22 08:30:51,2022-05-22 08:29:38,2022-05-22
500101023,YouBike2.0_第二學生活動中心,27,21,大安區,2022-05-22 08:16:12,25.01244,121.53661,羅斯福路四段107號(西南側),Daan Dist.,YouBike2.0_2nd Student Activity Center,No. 107， Sec. 4， Roosevelt Rd.(Southwest),5,1,2022-05-22 08:30:20,2022-05-22 08:30:51,2022-05-22 08:16:12,2022-05-22
500101024,YouBike2.0_臺灣科技大學正門,30,3,大安區,2022-05-22 08:05:11,25.01451,121.54142,基隆路四段43號(臺灣科技大學正門旁小側門靠田徑場),Daan Dist.,YouBike2.0_NTUST(Main Gate),No. 43， Sec. 4， Keelung Rd.,26,1,2022-05-22 08:30:20,2022-05-22 08:30:51,2022-05-22 08:05:11,2022-05-22
500101025,YouBike2.0_臺灣科技大學側門,35,4,大安區,2022-05-22 08:08:37,25.01295,121.53973,基隆路四段73巷與基隆路口,Daan Dist.,YouBike2.0_NTUST(Side Gate),Ln. 73， Sec. 4， Keelung Rd. Intersection,30,1,2022-05-22 08:30:20,2022-05-22 08:30:51,2022-05-22 08:08:37,2022-05-22
500101026,YouBike2.0_公館公園,15,2,大安區,2022-05-21 23:45:38,25.01137,121.54062,羅斯福路四段113巷基隆路四段41巷口,Daan Dist.,YouBike2.0_Gongguan Park,Ln. 113， Sec. 4， Roosevelt Rd. & Ln. 41， Sec. 4， Keelung Rd. Intersection,13,1,2022-05-22 08:30:20,2022-05-22 08:30:51,2022-05-21 23:45:38,2022-05-21
500101027,YouBike2.0_臺灣科技大學後門,39,32,大安區,2022-05-22 08:17:37,25.01182,121.54165,基隆路四段41巷68弄臺科帆船大樓旁,Daan Dist.,YouBike2.0_NTUST(Back Gate),Aly. 68， Ln. 41， Sec. 4， Keelung Rd.,7,1,2022-05-22 08:30:20,2022-05-22 08:30:51,2022-05-22 08:17:37,2022-05-22
500101028,YouBike2.0_臺大醫學院附設癌醫中心,20,15,大安區,2022-05-22 08:22:38,25.01426,121.54382,基隆路三段155巷57號西側,Daan Dist.,YouBike2.0_NTU Cancer Center,No. 57， Ln. 155， Sec. 3， Keelung Rd.(West),5,1,2022-05-22 08:30:20,2022-05-22 08:30:51,2022-05-22 08:22:38,2022-05-22
500101029,YouBike2.0_臺大環研大樓,15,1,大安區,2022-05-22 08:18:04,25.01234,121.54503,芳蘭路/基隆路三段155巷口,Daan Dist.,YouBike2.0_NTU Environment Research Building,Fanglan Rd & Ln. 155， Sec. 3， Keelung Rd. Intersection,14,1,2022-05-22 08:30:20,2022-05-22 08:30:51,2022-05-22 08:18:04,2022-05-22
500101030,YouBike2.0_臺大永齡生醫工程館,34,5,大安區,2022-05-22 07:08:38,25.0136,121.54656,芳蘭路51號西北側,Daan Dist.,YouBike2.0_NTU Yonglin Biomedical Engineering Hall,No. 51， Fanglan Rd.(Northwest),29,1,2022-05-22 08:30:20,2022-05-22 08:30:51,2022-05-22 07:08:38,2022-05-22
500101031,YouBike2.0_臺大男七舍前,20,0,大安區,2022-05-22 08:29:38,25.01537,121.54698,長興街/長興街80巷口西側,Daan Dist.,YouBike2.0_NTU 7th Men's Dorm,Ln. 80， Changxing St. Intersection(West),20,1,2022-05-22 08:30:20,2022-05-22 08:30:51,2022-05-22 08:29:38,2022-05-22
500101032,YouBike2.0_臺大男一舍前,61,35,大安區,2022-05-22 08:11:12,25.01637,121.54535,長興街50號西北側,Daan Dist.,YouBike2.0_NTU 1st Men's Dorm,No. 50， Changxing St.(Northwest),26,1,2022-05-22 08:30:20,2022-05-22 08:30:51,2022-05-22 08:11:12,2022-05-22
500101033,YouBike2.0_臺大男六舍前,46,19,大安區,2022-05-22 08:26:38,25.01664,121.5452,大安區長興街31號,Daan Dist.,YouBike2.0_NTU 6th Men's Dorm,No. 31， Changxing St.,26,1,2022-05-22 08:30:20,2022-05-22 08:30:51,2022-05-22 08:26:38,2022-05-22
500101034,YouBike2.0_臺大動物醫院前,18,5,大安區,2022-05-22 07:20:39,25.01576,121.54291,基隆路三段155巷/基隆路四段口,Daan Dist.,YouBike2.0_NTU Veterinary Hospital,Ln. 155， Sec. 3， Keelung Rd. Intersection,13,1,2022-05-22 08:30:20,2022-05-22 08:30:51,2022-05-22 07:20:39,2022-05-22
500101035,YouBike2.0_臺大土木研究大樓前,11,2,大安區,2022-05-22 04:33:36,25.01787,121.5476,辛亥路三段188號,Daan Dist.,YouBike2.0_NTU Civil Engineering Research Building,No. 188， Sec. 3， Xinhai Rd.,9,1,2022-05-22 08:30:20,2022-05-22 08:30:51,2022-05-22 04:33:36,2022-05-22
500101036,YouBike2.0_臺大萬才館前,20,5,大安區,2022-05-22 02:02:11,25.02032,121.54497,臺大萬才館北側,Daan Dist.,YouBike2.0_NTU Wan Tsai Research Hall,NTU Wan Tsai Research Hall,15,1,2022-05-22 08:30:20,2022-05-22 08:30:51,2022-05-22 02:02:11,2022-05-22
500101037,YouBike2.0_臺大國青大樓宿舍前,20,8,大安區,2022-05-22 07:55:17,25.02076,121.54432,辛亥路三段30號西北側,Daan Dist.,YouBike2.0_NTU Guo - Ching Building,No. 30， Sec. 3， Xinhai Rd.(Northwest),12,1,2022-05-22 08:30:20,2022-05-22 08:30:51,2022-05-22 07:55:17,2022-05-22
500101038,YouBike2.0_臺大社科院圖書館前,27,3,大安區,2022-05-22 07:57:37,25.02101,121.54284,辛亥路與復興南路口西南側,Daan Dist.,YouBike2.0_NTU College of social Sciences Building,Xinhai Fuxing Rd. Intersection (Southwest),24,1,2022-05-22 08:30:20,2022-05-22 08:30:51,2022-05-22 07:57:37,2022-05-22
500101039,YouBike2.0_臺大法人語言訓練中心前,28,10,大安區,2022-05-22 08:24:11,25.02104,121.54081,臺大法人語言訓練中心北側,Daan Dist.,YouBike2.0_NTU Language Training & Testing Center,NTU Language Training & Testing Center(North),18,1,2022-05-22 08:30:20,2022-05-22 08:30:51,2022-05-22 08:24:11,2022-05-22
500101040,YouBike2.0_臺大綜合體育館停車場前,25,2,大安區,2022-05-22 08:14:11,25.0222,121.53626,臺大綜合體育館北側,Daan Dist.,YouBike2.0_NTU Sports Center Car Park,NTU Sports Center(North),23,1,2022-05-22 08:30:20,2022-05-22 08:30:51,2022-05-22 08:14:11,2022-05-22
500101041,YouBike2.0_辛亥新生路口東南側,21,5,大安區,2022-05-22 08:21:37,25.02218,121.53474,辛亥新生路口東南側,Daan Dist.,YouBike2.0_Xinhai Xinsheng Rd. Intersection (Southeast),Xinhai Xinsheng Rd. Intersection (Southeast),16,1,2022-05-22 08:30:20,2022-05-22 08:30:51,2022-05-22 08:21:37,2022-05-22
500101042,YouBike2.0_基隆長興路口東側,15,0,大安區,2022-05-22 08:16:04,25.01727,121.54471,基隆長興路口東側,Daan Dist.,YouBike2.0_Keelung Changxing Rd. Intersection(East),Keelung Changxing Rd. Intersection(East),15,1,2022-05-22 08:30:20,2022-05-22 08:30:51,2022-05-22 08:16:04,2022-05-22
500101091,YouBike2.0_國北教大側門南側,25,20,大安區,2022-05-22 07:55:17,25.022864,121.546622,敦南街51號,Daan Dist.,YouBike2.0_NTUE Side Gate(South),No. 51， Dunnan St.,5,1,2022-05-22 08:30:20,2022-05-22 08:30:51,2022-05-22 07:55:17,2022-05-22
500101092,YouBike2.0_和平實小東北側,13,4,大安區,2022-05-22 08:03:37,25.021641,121.54704,敦南街73號,Daan Dist.,YouBike2.0_Heping Experiment Elementary School (Northeast),No. 73， Dunnan St.,9,1,2022-05-22 08:30:20,2022-05-22 08:30:51,2022-05-22 08:03:37,2022-05-22
500101093,YouBike2.0_大安區健康服務中心,15,1,大安區,2022-05-22 07:41:04,25.021469,121.544069,辛亥路三段15號,Daan Dist.,YouBike2.0_Daan District Public Health Center,No. 15， Sec. 1， Xinhai Rd.,14,1,2022-05-22 08:30:20,2022-05-22 08:30:51,2022-05-22 07:41:04,2022-05-22
500101094,YouBike2.0_辛亥泰順街口,20,15,大安區,2022-05-22 08:16:12,25.02193,121.53165,辛亥泰順街口東南側,Daan Dist.,YouBike2.0_Xinhai Taishun St. Intersection,Xinhai Taishun St. Intersection (Southeast),5,1,2022-05-22 08:30:20,2022-05-22 08:30:51,2022-05-22 08:16:12,2022-05-22
500101095,YouBike2.0_芳和國中,28,16,大安區,2022-05-22 08:16:12,25.0189,121.55013,臥龍街170號(前),Daan Dist.,YouBike2.0_Fanghe Junior High School,No. 170， Wolong St.,12,1,2022-05-22 08:30:20,2022-05-22 08:30:51,2022-05-22 08:16:12,2022-05-22
500101097,YouBike2.0_臥龍樂業街口,36,26,大安區,2022-05-22 08:26:38,25.01856,121.55558,臥龍街234-2號,Daan Dist.,YouBike2.0_Wolong Leye St. Intersection,No. 234-2， Wolong St.,10,1,2022-05-22 08:30:20,2022-05-22 08:30:51,2022-05-22 08:26:38,2022-05-22
500101098,YouBike2.0_臥龍公園,14,6,大安區,2022-05-22 08:05:11,25.01623,121.55037,辛亥路三段223號西側,Daan Dist.,YouBike2.0_Wolong Park,No. 223， Sec. 3， Xinhai Rd. (West),8,1,2022-05-22 08:30:20,2022-05-22 08:30:51,2022-05-22 08:05:11,2022-05-22
500101099,YouBike2.0_嘉興公園,44,22,大安區,2022-05-22 08:19:38,25.021,121.55211,樂業街101巷3號西北側,Daan Dist.,YouBike2.0_Jiaxing Park,No. 3， Ln. 101， Leye St. (Northwest),18,1,2022-05-22 08:30:20,2022-05-22 08:30:51,2022-05-22 08:19:38,2022-05-22
500101100,YouBike2.0_捷運麟光站(2號出口),25,8,大安區,2022-05-22 08:26:38,25.0181,121.55929,和平東路三段420號東北側,Daan Dist.,YouBike2.0_MRT Linguang Sta. (Exit 2),No. 420， Sec. 3， Heping E. Rd. (Northeast),17,1,2022-05-22 08:30:20,2022-05-22 08:30:51,2022-05-22 08:26:38,2022-05-22
500101101,YouBike2.0_捷運六張犁站,30,5,大安區,2022-05-22 08:29:11,25.02397,121.55266,和平東路三段410號,Daan Dist.,YouBike2.0_MRT Liuzhangli Sta.,No. 410， Sec. 3， Heping E. Rd.,25,1,2022-05-22 08:30:20,2022-05-22 08:30:51,2022-05-22 08:29:11,2022-05-22
500101102,YouBike2.0_喬治工商,26,15,大安區,2022-05-22 08:08:37,25.02705,121.55551,基隆路二段166號,Daan Dist.,YouBike2.0_George Vocational High School of Taipei,No. 166， Sec. 2， Keelung Rd.,11,1,2022-05-22 08:30:20,2022-05-22 08:30:51,2022-05-22 08:08:37,2022-05-22
500101103,YouBike2.0_法治公園,15,8,大安區,2022-05-22 07:32:10,25.02694,121.55325,通化街189號西側,Daan Dist.,YouBike2.0_Fazhi Park,No. 189， Tonghua St. (West),7,1,2022-05-22 08:30:20,2022-05-22 08:30:51,2022-05-22 07:32:10,2022-05-22
500101104,YouBike2.0_捷運臺電大樓站(2號出口),14,3,大安區,2022-05-22 08:24:38,25.02021,121.52942,辛亥路一段/羅斯福路三段口北側(辛亥路側),Daan Dist.,YouBike2.0_MRT Taipower Building Sta. (Exit 2),Sec. 1， Xinhai Rd & Sec. 3， Roosevelt Rd (North),11,1,2022-05-22 08:30:20,2022-05-22 08:30:51,2022-05-22 08:24:38,2022-05-22
500101105,YouBike2.0_和平金山路口,32,4,大安區,2022-05-22 08:22:11,25.02669,121.52529,和平東路一段/金山南路二段西南側,Daan Dist.,YouBike2.0_Sec. 1， Heping E. Rd & Sec. 2， Jinshan S. Rd Intersection,Sec. 1， Heping E. Rd & Sec. 2， Jinshan S. Rd Intersection (Southwest),28,1,2022-05-22 08:30:20,2022-05-22 08:30:51,2022-05-22 08:22:11,2022-05-22
500101107,YouBike2.0_和平龍泉街口,17,1,大安區,2022-05-22 08:23:11,25.02638,121.52971,和平東路一段/龍泉街口西南側,Daan Dist.,YouBike2.0_Sec. 1， Heping E. Rd & Longquan St. Intersection,Sec. 1， Heping E. Rd & Longquan St. Intersection (Southwest),16,1,2022-05-22 08:30:20,2022-05-22 08:30:51,2022-05-22 08:23:11,2022-05-22
500101108,YouBike2.0_和平泰順街口,9,0,大安區,2022-05-22 08:03:04,25.02621,121.53171,和平東路一段/泰順街口東南側,Daan Dist.,YouBike2.0_Sec. 1， Heping E. Rd & Taishun St  Intersection,Sec. 1， Heping E. Rd & Taishun St  Intersection (Southeast),9,1,2022-05-22 08:30:20,2022-05-22 08:30:51,2022-05-22 08:03:04,2022-05-22
500101109,YouBike2.0_臺灣師範大學(圖書館),33,10,大安區,2022-05-22 08:20:39,25.0266,121.52973,和平東路一段129號前,Daan Dist.,YouBike2.0_National Taiwan Normal University (library),No. 129， Sec. 1， Heping E. Rd.,23,1,2022-05-22 08:30:20,2022-05-22 08:30:51,2022-05-22 08:20:39,2022-05-22
500101110,YouBike2.0_捷運古亭站(6號出口),15,0,大安區,2022-05-15 00:38:03,25.0276,121.52217,羅斯福路二段41號前,Daan Dist.,YouBike2.0_MRT Guting Sta. (Exit 6),No. 41， Sec. 2， Roosevelt Rd,15,0,2022-05-22 08:30:20,2022-05-22 08:30:51,2022-05-15 00:38:03,2022-05-15
500101111,YouBike2.0_捷運古亭站(5號出口),14,0,大安區,2022-05-22 08:12:03,25.02715,121.52293,和平東路一段19號前,Daan Dist.,YouBike2.0_MRT Guting Sta. (Exit 5),No. 19， Sec. 1， Heping E. Rd,14,1,2022-05-22 08:30:20,2022-05-22 08:30:51,2022-05-22 08:12:03,2022-05-22
500101113,YouBike2.0_臺北市立圖書館(總館),32,6,大安區,2022-05-22 08:28:38,25.02895,121.5379,建國南路二段/建國南路二段151巷(橋下空間),Daan Dist.,YouBike2.0_Taipei Public library,Sec. 2， Jianguo S. Rd & Ln. 151， Sec. 2， Jianguo S. Rd (Under Bridge),25,1,2022-05-22 08:30:20,2022-05-22 08:30:51,2022-05-22 08:28:38,2022-05-22
500101114,YouBike2.0_新生和平路口東北側,35,15,大安區,2022-05-22 08:26:12,25.02657,121.53515,新生南路二段與和平東路二段口東北側,Daan Dist.,YouBike2.0_Sec. 2， Xinsheng S. Rd & Sec. 2， Heping E. Rd Intersection,Sec. 2， Xinsheng S. Rd & Sec. 2， Heping E. Rd (Northeast),20,1,2022-05-22 08:30:20,2022-05-22 08:30:51,2022-05-22 08:26:12,2022-05-22
500101115,YouBike2.0_建國和平路口西北側,41,7,大安區,2022-05-22 08:26:12,25.02606,121.53738,建國南路二段與和平東路二段口西北側,Daan Dist.,YouBike2.0_Sec. 2， Jianguo S. Rd & Sec. 2， Heping E. Rd Intersection,Sec. 2， Jianguo S. Rd & Sec. 2， Heping E. Rd. (Northwest),34,1,2022-05-22 08:30:20,2022-05-22 08:30:51,2022-05-22 08:26:12,2022-05-22
500101116,YouBike2.0_金華公園,23,12,大安區,2022-05-22 08:24:11,25.02984,121.53107,金華街249號對面,Daan Dist.,YouBike2.0_Jinhua Park,No. 249， Jinhua St. (Opposite),11,1,2022-05-22 08:30:20,2022-05-22 08:30:51,2022-05-22 08:24:11,2022-05-22
500101117,YouBike2.0_捷運東門站(3號出口),15,9,大安區,2022-05-22 08:16:37,25.03383,121.52815,信義路二段128號前,Daan Dist.,YouBike2.0_MRT Dongmen Sta. (Exit 3),No. 128， Sec. 2， Xinyi Rd.,6,1,2022-05-22 08:30:20,2022-05-22 08:30:51,2022-05-22 08:16:37,2022-05-22
500101118,YouBike2.0_金甌女中,12,6,大安區,2022-05-22 07:56:10,25.03519,121.5245,信義路二段與杭州南路二段東南側,Daan Dist.,YouBike2.0_Jin'ou Girls High School,Sec. 2， Xinyi Rd. & Sec. 2， Hangzhou S. Rd. (Southeast),6,1,2022-05-22 08:30:20,2022-05-22 08:30:51,2022-05-22 07:56:10,2022-05-22
500101119,YouBike2.0_金杭公園,20,8,大安區,2022-05-22 08:27:37,25.03325,121.52436,愛國東路21巷與杭州南路二段25巷口東南側,Daan Dist.,YouBike2.0_Jinhang Park,Ln. 21， Aiguo E. Rd. & Ln. 25， Sec. 2， Hangzhou S. Rd. Intersection (Southeast),12,1,2022-05-22 08:30:20,2022-05-22 08:30:51,2022-05-22 08:27:37,2022-05-22
500101120,YouBike2.0_愛國金山路口,33,0,大安區,2022-05-22 08:29:11,25.03164,121.52661,愛國東路與杭州南路二段口西南側,Daan Dist.,YouBike2.0_Aiguo & Jinshan Rd. Intersection,Aiguo E. Rd. & Sec. 2， Hangzhou S. Rd. Intersection (Southwest),33,1,2022-05-22 08:30:20,2022-05-22 08:30:51,2022-05-22 08:29:11,2022-05-22
500101122,YouBike2.0_敦化南路二段293巷口南側,14,0,大安區,2022-05-22 06:41:03,25.0237,121.54899,敦化南路二段293巷口南側,Daan Dist.,YouBike2.0_Ln. 293， Sec. 2， Dunhua S. Rd (South),Ln. 293， Sec. 2， Dunhua S. Rd. (South),14,1,2022-05-22 08:30:20,2022-05-22 08:30:51,2022-05-22 06:41:03,2022-05-22
500101123,YouBike2.0_敦化基隆路口,32,2,大安區,2022-05-22 07:04:10,25.02215,121.54839,敦化南路二段218號,Daan Dist.,YouBike2.0_Sec. 2， Dunhua S. Rd & Sec. 2， Keelung Rd Intersection,No. 218， Sec. 2， Dunhua S. Rd,30,1,2022-05-22 08:30:20,2022-05-22 08:30:51,2022-05-22 07:04:10,2022-05-22
500101124,YouBike2.0_安和路二段181巷口,17,1,大安區,2022-05-22 07:28:37,25.02721,121.54988,安和路二段185號,Daan Dist.,YouBike2.0_Ln. 181， Sec. 2， Anhe Rd,No185， Sec. 2， Anhe Rd,16,1,2022-05-22 08:30:20,2022-05-22 08:30:51,2022-05-22 07:28:37,2022-05-22
500101125,YouBike2.0_臨江街夜市(通化街101巷口),30,13,大安區,2022-05-22 08:29:11,25.02952,121.55406,通化街111號,Daan Dist.,YouBike2.0_Linjiang St night market (Ln. 101， Tonghua St),No. 101， Tonghua St.,17,1,2022-05-22 08:30:20,2022-05-22 08:30:51,2022-05-22 08:29:11,2022-05-22
500101126,YouBike2.0_臨江街夜市(基隆路),17,5,大安區,2022-05-22 08:23:11,25.02931,121.55721,基隆路二段108號,Daan Dist.,YouBike2.0_Linjiang St night market (Keelung Rd),No. 108， Sec. 2， Keelung Rd.,12,1,2022-05-22 08:30:20,2022-05-22 08:30:51,2022-05-22 08:23:11,2022-05-22
500101127,YouBike2.0_台北科技大學億光大樓,46,29,大安區,2022-05-22 08:20:39,25.04177,121.53833,忠孝東路三段81號,Daan Dist.,YouBike2.0_National Taipei University of Technology (Everlight Building),No. 81， Sec. 3， Zhongxiao E. Rd.,17,1,2022-05-22 08:30:20,2022-05-22 08:30:51,2022-05-22 08:20:39,2022-05-22
500101128,YouBike2.0_新生南路一段119巷口,33,18,大安區,2022-05-22 08:26:12,25.04003,121.53299,新生南路一段113號,Daan Dist.,YouBike2.0_Ln. 119， Sec. 1， Xinsheng S. Rd Intersection,No. 113， Ln. 119， Sec. 1， Xinsheng S. Rd.,15,1,2022-05-22 08:30:20,2022-05-22 08:30:51,2022-05-22 08:26:12,2022-05-22
500101129,YouBike2.0_幸安國小(仁愛路),16,4,大安區,2022-05-22 07:49:37,25.03753,121.53523,仁愛路三段22號,Daan Dist.,YouBike2.0_Xing'an Elementary School (Ren'ai Rd),No. 22， Sec. 3， Ren'ai Rd.,12,1,2022-05-22 08:30:20,2022-05-22 08:30:51,2022-05-22 07:49:37,2022-05-22
500101130,YouBike2.0_民榮公園,15,7,大安區,2022-05-22 08:29:38,25.03534,121.5354,建國南路一段304巷45號南側,Daan Dist.,YouBike2.0_Minrong Park,No. 45， Ln. 304， Sec. 1， Jianguo S. Rd. (South),8,1,2022-05-22 08:30:20,2022-05-22 08:30:51,2022-05-22 08:29:38,2022-05-22
500101131,YouBike2.0_復興南路1段340巷口,38,7,大安區,2022-05-22 08:01:38,25.03701,121.54348,復興南路一段信義路三段147巷45弄口,Daan Dist.,YouBike2.0_Ln. 340， Sec. 1， Fuxing S. Rd Intersection,Sec. 1， Fuxing S. Rd & Aly. 45， Ln. 147， Sec. 3， Xinyi Rd Intersection.,31,1,2022-05-22 08:30:20,2022-05-22 08:30:51,2022-05-22 08:01:38,2022-05-22
500101132,YouBike2.0_建國濟南路口,29,3,大安區,2022-05-22 07:52:11,25.03935,121.53828,建國南路一段/濟南路三段口(東南側),Daan Dist.,YouBike2.0_Sec. 1， Jianguo S. Rd & Sec. 3， Jinan Rd Intersection,Sec. 1， Jianguo S. Rd & Sec. 3， Jinan Rd Intersection. (Southeast),26,1,2022-05-22 08:30:20,2022-05-22 08:30:51,2022-05-22 07:52:11,2022-05-22
500101133,YouBike2.0_捷運忠孝復興站(2號出口),58,28,大安區,2022-05-22 08:29:11,25.04035,121.5436,復興南路一段/仁愛路三段123巷13弄(西北側),Daan Dist.,YouBike2.0_MRT Zhongxiao Fuxing Sta (Exit 2),Sec. 1， Fuxing S. R & Aly. 13， Ln. 123， Sec. 3， Ren'ai Rd. (Northwest),30,1,2022-05-22 08:30:20,2022-05-22 08:30:51,2022-05-22 08:29:11,2022-05-22
500101134,YouBike2.0_捷運大安站(4號出口),13,13,大安區,2022-05-22 08:19:04,25.0332,121.5439,信義路4段6號(前),Daan Dist.,YouBike2.0_MRT Da’an Sta (Exit 4),No. 6， Sec. 4， Xinyi Rd.,0,1,2022-05-22 08:30:20,2022-05-22 08:30:51,2022-05-22 08:19:04,2022-05-22
500101135,YouBike2.0_捷運大安站(2號出口),22,13,大安區,2022-05-22 08:25:38,25.03358,121.54141,信義路3段143號(前),Daan Dist.,YouBike2.0_MRT Da’an Sta (Exit 2),No. 143， Sec. 3， Xinyi Rd.,9,1,2022-05-22 08:30:20,2022-05-22 08:30:51,2022-05-22 08:25:38,2022-05-22
500101136,YouBike2.0_信義大安路口(信維大樓),12,12,大安區,2022-05-22 07:52:03,25.03317,121.54639,信義路四段74號(前),Daan Dist.,YouBike2.0_Sec. 4， Xinyi Rd & Da’an Rd Intersection (Xinwei Building),No. 74， Sec. 4， Xinyi Rd.,0,1,2022-05-22 08:30:20,2022-05-22 08:30:51,2022-05-22 07:52:03,2022-05-22
500101137,YouBike2.0_龍門廣場,50,13,大安區,2022-05-22 08:26:38,25.04092,121.54825,敦化南路一段與敦化南路一段236巷口,Daan Dist.,YouBike2.0_Long Men Plaza,Sec. 1， Dunhua S. Rd & Ln. 236， Sec. 1， Dunhua S. Rd Intersection.,32,1,2022-05-22 08:30:20,2022-05-22 08:30:51,2022-05-22 08:26:38,2022-05-22
500101138,YouBike2.0_仁愛安和路口,20,9,大安區,2022-05-22 08:04:11,25.03754,121.55285,仁愛路四段258號前,Daan Dist.,YouBike2.0_Sec. 4， Ren'ai Rd & Sec. 1， Anhe Rd Intersection,No. 74， Sec. 4， Ren'ai Rd.,11,1,2022-05-22 08:30:20,2022-05-22 08:30:51,2022-05-22 08:04:11,2022-05-22
500101139,YouBike2.0_信義敦化路口,42,23,大安區,2022-05-22 08:18:38,25.03333,121.54977,信義路四段155號前,Daan Dist.,YouBike2.0_Sec. 4， Xinyi Rd & Sec. 1， Dunhua S. Rd Intersection,No. 155， Sec. 4， Xinyi Rd,19,1,2022-05-22 08:30:20,2022-05-22 08:30:51,2022-05-22 08:18:38,2022-05-22
500101140,YouBike2.0_仁愛國中,25,14,大安區,2022-05-22 08:04:11,25.03706,121.55166,安和路一段75號(對面),Daan Dist.,YouBike2.0_Ren Ai Junior High School,No. 75， Sec. 1， Anhe Rd.,11,1,2022-05-22 08:30:20,2022-05-22 08:30:51,2022-05-22 08:04:11,2022-05-22
500101141,YouBike2.0_捷運信義安和站(2號出口),26,21,大安區,2022-05-22 08:26:12,25.03304,121.55171,信義路四段188號前,Daan Dist.,YouBike2.0_MRT Xinyi Anhe Sta (Exit 2),No. 188， Sec. 4， Xinyi Rd,5,1,2022-05-22 08:30:20,2022-05-22 08:30:51,2022-05-22 08:26:12,2022-05-22
500101142,YouBike2.0_八德市場,30,13,大安區,2022-05-22 07:57:10,25.04463,121.53665,市民大道三段170號,Daan Dist.,YouBike2.0_Bade Traditional Market,No. 170， Sec. 3， Civic Blvd.,17,1,2022-05-22 08:30:20,2022-05-22 08:30:51,2022-05-22 07:57:10,2022-05-22
500101143,YouBike2.0_昌隆公園,16,4,大安區,2022-05-22 07:39:11,25.04448,121.53946,市民大道三段206號西側,Daan Dist.,YouBike2.0_Changlong Park,No. 206， Sec. 3， Civic Blvd. (West),12,1,2022-05-22 08:30:20,2022-05-22 08:30:51,2022-05-22 07:39:11,2022-05-22
500101144,YouBike2.0_捷運大安森林公園站(2號出口),52,11,大安區,2022-05-22 08:25:12,25.03332,121.53435,捷運大安森林公園站(2號出口)西側,Daan Dist.,YouBike2.0_MRT Daan Park Sta. (Exit 2),MRT Daan Park Sta. (Exit 2) (West),36,1,2022-05-22 08:30:20,2022-05-22 08:30:51,2022-05-22 08:25:12,2022-05-22
500101145,YouBike2.0_信義延吉街口,15,2,大安區,2022-05-22 08:17:37,25.03318,121.55725,信義路四段353號,Daan Dist.,YouBike2.0_Sec. 4，Xinyi Rd & Yanji St Intersection,No. 353， Sec. 4， Xinyi Rd.,13,1,2022-05-22 08:30:20,2022-05-22 08:30:51,2022-05-22 08:17:37,2022-05-22
500101146,YouBike2.0_光信公園(光復南路456巷),15,11,大安區,2022-05-22 08:14:37,25.03513,121.5561,延吉街249號,Daan Dist.,YouBike2.0_Guangxin Park (Ln. 456， Guangfu S. Rd),No. 249， Yanji St.,4,1,2022-05-22 08:30:20,2022-05-22 08:30:51,2022-05-22 08:14:37,2022-05-22
500101147,YouBike2.0_僑安地下停車場(2號出口)東南側,20,4,大安區,2022-05-22 08:23:11,25.0391,121.5569,光復南路290巷5號,Daan Dist.,YouBike2.0_Qiao An Dixia Parking (Exit 2) (Southeast),No. 5， Ln. 290， Guangfu S. Rd,15,1,2022-05-22 08:30:20,2022-05-22 08:30:51,2022-05-22 08:23:11,2022-05-22
500101148,YouBike2.0_建國南路一段279巷口,32,18,大安區,2022-05-22 08:27:37,25.03635,121.53833,建國南路一段275號,Daan Dist.,YouBike2.0_Ln. 279， Sec. 1， Jianguo S. Rd Intersection,No. 275， Sec. 1， Jianguo S. Rd.,14,1,2022-05-22 08:30:20,2022-05-22 08:30:51,2022-05-22 08:27:37,2022-05-22
500101149,YouBike2.0_捷運忠孝新生站(6號出口),15,9,大安區,2022-05-22 08:11:38,25.04091,121.53295,新生南路一段101號,Daan Dist.,YouBike2.0_MRT Zhongxiao Xinsheng Sta. (Exit 6),No. 101， Sec. 1， Xinsheng S. Rd.,6,1,2022-05-22 08:30:20,2022-05-22 08:30:51,2022-05-22 08:11:38,2022-05-22
500101151,YouBike2.0_大安高工,23,23,大安區,2022-05-22 08:23:04,25.03126,121.54339,復興南路二段52號(前),Daan Dist.,YouBike2.0_Daan Vocational High School,No. 52， Sec. 2， Fuxing S. Rd.,0,1,2022-05-22 08:30:20,2022-05-22 08:30:51,2022-05-22 08:23:04,2022-05-22
500101152,YouBike2.0_捷運忠孝新生站(3號出口),23,13,大安區,2022-05-22 08:14:11,25.04189,121.53376,忠孝東路三段與10巷口,Daan Dist.,YouBike2.0_MRT Zhongxiao Xinsheng Sta. (Exit 3),Sec. 3， Zhongxiao E. Rd & Ln. 10， Sec. 3， Zhongxiao E. Rd Intersection,10,1,2022-05-22 08:30:20,2022-05-22 08:30:51,2022-05-22 08:14:11,2022-05-22
500101153,YouBike2.0_瑠公公園,20,3,大安區,2022-05-22 08:06:11,25.04201,121.54612,忠孝東路四段49巷4弄/大安路口,Daan Dist.,YouBike2.0_Liugong Park,Aly. 4， Ln. 49， Sec. 4， Zhongxiao E. Rd./Da'an Rd. Intersection,17,1,2022-05-22 08:30:20,2022-05-22 08:30:51,2022-05-22 08:06:11,2022-05-22
500101154,YouBike2.0_敦化市民路口,25,14,大安區,2022-05-22 07:56:37,25.04405,121.5486,敦化南路1段158號(前),Daan Dist.,YouBike2.0_Dunhua S. Rd. & Civic Blvd. Intersection,No. 158， Sec. 1， Dunhua S. Rd.,11,1,2022-05-22 08:30:20,2022-05-22 08:30:51,2022-05-22 07:56:37,2022-05-22
500101155,YouBike2.0_捷運大安森林公園站(5號出口),15,0,大安區,2022-05-22 08:25:04,25.03336,121.5364,捷運大安森林公園站(5號出口)東側,Daan Dist.,YouBike2.0_MRT Daan Park Sta. (Exit 5),MRT Daan Park Sta. (Exit 5) (East),15,1,2022-05-22 08:30:20,2022-05-22 08:30:51,2022-05-22 08:25:04,2022-05-22
500101156,YouBike2.0_信義建國路口,34,14,大安區,2022-05-22 08:17:37,25.0328,121.53746,建國南路二段與信義路三段口西南側,Daan Dist.,YouBike2.0_Xinyi Rd. & Jianguo Rd. Intersection,Sec. 2， Jianguo S Rd. & Sec. 3， Xinyi Rd. Intersection (Southwest),20,1,2022-05-22 08:30:20,2022-05-22 08:30:51,2022-05-22 08:17:37,2022-05-22
500101157,YouBike2.0_東豐公園,19,10,大安區,2022-05-22 08:16:12,25.03569,121.5451,東豐街24號(旁公園路側),Daan Dist.,YouBike2.0_Dongfeng Park,No. 24， Dongfeng St.,9,1,2022-05-22 08:30:20,2022-05-22 08:30:51,2022-05-22 08:16:12,2022-05-22
500101158,YouBike2.0_德安公園(四維路66巷),14,7,大安區,2022-05-22 08:23:38,25.03473,121.54767,四維路66巷6號北側,Daan Dist.,YouBike2.0_Dean Park,No. 6， Ln. 66， Siwei Rd.,7,1,2022-05-22 08:30:20,2022-05-22 08:30:51,2022-05-22 08:23:38,2022-05-22
500101159,YouBike2.0_捷運忠孝復興站(5號出口),41,9,大安區,2022-05-22 08:22:38,25.04262,121.54443,復興南路一段135巷3號(對面),Daan Dist.,YouBike2.0_MRT Zhongxiao Fuxing Sta (Exit 5),No. 3， Ln. 135， Sec. 1， Fuxing S. Rd. (Opposite),32,1,2022-05-22 08:30:20,2022-05-22 08:30:51,2022-05-22 08:22:38,2022-05-22
500101160,YouBike2.0_捷運忠孝敦化站(2號出口),17,4,大安區,2022-05-22 08:10:38,25.04153,121.5524,忠孝東路四段221號,Daan Dist.,YouBike2.0_MRT Zhongxiao Dunhua Sta. (Exit 2),No. 221， Sec. 4， Zhongxiao E. Rd.,13,1,2022-05-22 08:30:20,2022-05-22 08:30:51,2022-05-22 08:10:38,2022-05-22
500101161,YouBike2.0_捷運忠孝敦化站(7號出口),18,6,大安區,2022-05-22 08:22:11,25.04159,121.54937,忠孝東路四段143號,Daan Dist.,YouBike2.0_MRT Zhongxiao Dunhua Sta. (Exit 7),No. 143， Sec. 4， Zhongxiao E. Rd.,12,1,2022-05-22 08:30:20,2022-05-22 08:30:51,2022-05-22 08:22:11,2022-05-22
500101163,YouBike2.0_瑞安街208巷,15,6,大安區,2022-05-22 08:05:38,25.02979,121.54053,瑞安街208巷39號對面,Daan Dist.,YouBike2.0_Ln. 208， Rui'an St.,No. 39， Ln. 208， Rui'an St. (Opposite),9,1,2022-05-22 08:30:20,2022-05-22 08:30:51,2022-05-22 08:05:38,2022-05-22
500101165,YouBike2.0_樂利路21巷口,17,10,大安區,2022-05-22 08:13:11,25.0277,121.55132,樂利路25號,Daan Dist.,YouBike2.0_Ln. 21， Leli Rd. Intersection,No. 25， Leli Rd.,7,1,2022-05-22 08:30:20,2022-05-22 08:30:51,2022-05-22 08:13:11,2022-05-22
500101166,YouBike2.0_捷運科技大樓站(台北教育大學),20,16,大安區,2022-05-22 07:57:37,25.02469,121.54459,和平東路二段134號前,Daan Dist.,YouBike2.0_MRT Technology Building Station,No. 134， Sec. 2， Heping E. Rd.,4,1,2022-05-22 08:30:20,2022-05-22 08:30:51,2022-05-22 07:57:37,2022-05-22
500101167,YouBike2.0_捷運國父紀念館站(2號出口),31,12,大安區,2022-05-22 08:27:11,25.04122,121.55745,忠孝東路四段/光復南路口(西南側),Daan Dist.,YouBike2.0_MRT S.Y.S Memorial Hall Stataion(Exit 2.),Sec. 4， Jhongsiao E. Rd. & Guangfu S. Rd. Intersection (Southwest),19,1,2022-05-22 08:30:20,2022-05-22 08:30:51,2022-05-22 08:27:11,2022-05-22
500101168,YouBike2.0_仁愛醫院,20,10,大安區,2022-05-22 08:29:11,25.03756,121.54587,仁愛路四段/大安路一段口(西南側),Daan Dist.,YouBike2.0_Taipei City Hospital Renai Branch,Sec. 4， Ren'ai Rd. & Sec. 1， Da'an Rd. Intersection (Southwest),10,1,2022-05-22 08:30:20,2022-05-22 08:30:51,2022-05-22 08:29:11,2022-05-22
500101169,YouBike2.0_捷運信義安和站(4號出口),18,12,大安區,2022-05-22 08:29:11,25.03305,121.55378,信義路四段252號前,Daan Dist.,YouBike2.0_MRT Xinyi Anhe Sta.(Exit.4),No. 252， Sec. 4， Sinyi Rd.,6,1,2022-05-22 08:30:20,2022-05-22 08:30:51,2022-05-22 08:29:11,2022-05-22
500101170,YouBike2.0_成功國宅,20,6,大安區,2022-05-22 08:15:39,25.02681,121.54668,和平東路三段1巷/四維路198巷口(西北側),Daan Dist.,YouBike2.0_Chengong Public Housing,Ln. 1， Sec. 3， Heping E. Rd. & Ln. 198， Sihwei Rd. Intersection (Northwest),14,1,2022-05-22 08:30:20,2022-05-22 08:30:51,2022-05-22 08:15:39,2022-05-22
500101171,YouBike2.0_仁愛延吉街口,17,5,大安區,2022-05-22 08:25:12,25.03748,121.55564,仁愛路四段376號前,Daan Dist.,YouBike2.0_Renai & Yanji Intersection,No. 376， Sec. 4， Ren'ai Rd.,12,1,2022-05-22 08:30:20,2022-05-22 08:30:51,2022-05-22 08:25:12,2022-05-22
500101172,YouBike2.0_捷運信義安和站(1號出口),23,10,大安區,2022-05-22 08:21:37,25.03331,121.55265,信義路四段225號前,Daan Dist.,YouBike2.0_MRT Xinyi Anhe Sta.(Exit.1),No. 225， Sec. 4， Sinyi Rd.,13,1,2022-05-22 08:30:20,2022-05-22 08:30:51,2022-05-22 08:21:37,2022-05-22
500101173,YouBike2.0_敦化南路二段103巷口,12,4,大安區,2022-05-22 08:14:37,25.0287,121.54904,敦化南路二段99號前,Daan Dist.,YouBike2.0_Ln. 103，Sec. 2，Dunhua S. Rd.,No. 99， Sec. 2， Dunhua S. Rd.,8,1,2022-05-22 08:30:20,2022-05-22 08:30:51,2022-05-22 08:14:37,2022-05-22
500101174,YouBike2.0_復興南路二段128巷口,24,9,大安區,2022-05-22 08:20:39,25.02861,121.54336,復興南路二段142之1號前,Daan Dist.,YouBike2.0_Ln. 128， Sec. 2， Fuxing S. Rd.,No. 142-1， Sec. 2， Fusing S. Rd.,15,1,2022-05-22 08:30:20,2022-05-22 08:30:51,2022-05-22 08:20:39,2022-05-22
500101175,YouBike2.0_和平東建國南路口,14,9,大安區,2022-05-22 08:28:12,25.02575,121.5377,和平東路/建國南路口(北側),Daan Dist.,YouBike2.0_Heping E. Rd. & Jianguo S. Rd. Intersection,Heping E. Rd. & Jianguo S. Rd. Intersection (North),5,1,2022-05-22 08:30:20,2022-05-22 08:30:51,2022-05-22 08:28:12,2022-05-22
500101176,YouBike2.0_芳蘭山莊,16,6,大安區,2022-05-22 07:52:37,25.01223,121.54788,基隆路三段155巷148號,Daan Dist.,YouBike2.0_Fanglan,No. 148， Ln. 155， Sec. 3， Keelung Rd.,10,1,2022-05-22 08:30:20,2022-05-22 08:30:51,2022-05-22 07:52:37,2022-05-22
500101177,YouBike2.0_復興南路一段126巷口,15,1,大安區,2022-05-22 08:12:03,25.04311,121.54313,復興南路一段126巷1號前,Daan Dist.,YouBike2.0_Ln. 126， Sec. 1， Fuxing S. Rd.,No. 1， Ln. 126， Sec. 1， Fuxing S. Rd.,14,1,2022-05-22 08:30:20,2022-05-22 08:30:51,2022-05-22 08:12:03,2022-05-22
500101179,YouBike2.0_捷運東門站(5號出口),28,17,大安區,2022-05-22 08:26:38,25.03363,121.52962,信義路二段178號前,Daan Dist.,YouBike2.0_MRT Dongmen Sta. (Exit 5),No. 178， Sec. 2， Xinyi Rd.,11,1,2022-05-22 08:30:20,2022-05-22 08:30:51,2022-05-22 08:26:38,2022-05-22
500101180,YouBike2.0_仁愛路四段48巷口,11,3,大安區,2022-05-22 07:48:11,25.03609,121.54709,仁愛路四段48巷/東豐街(北側),Daan Dist.,YouBike2.0_Ln. 48， Sec. 4， Ren'ai Rd.,Ln. 48， Sec. 4， Ren'ai Rd. & Dongfeng St. Intersection (North),8,1,2022-05-22 08:30:20,2022-05-22 08:30:51,2022-05-22 07:48:11,2022-05-22
500101182,YouBike2.0_臺北科技大學(電機工程系),16,11,大安區,2022-05-22 07:44:37,25.04196,121.53653,忠孝東路三段100號對側,Daan Dist.,YouBike2.0_NTUT(EE),No. 100， Sec. 3， Zhongxiao E. Rd. (Opposite),5,1,2022-05-22 08:30:20,2022-05-22 08:30:51,2022-05-22 07:44:37,2022-05-22
500101183,YouBike2.0_忠孝東路三段217巷口,34,22,大安區,2022-05-22 08:10:19,25.04176,121.54027,忠孝東路三段229-1號前,Daan Dist.,YouBike2.0_Ln. 217， Sec. 3， Zhongxiao E. Rd.,No. 229-1， Sec. 3， Zhongxiao E. Rd.,12,1,2022-05-22 08:30:20,2022-05-22 08:30:51,2022-05-22 08:10:19,2022-05-22
500101184,YouBike2.0_新生南路三段94巷口,15,7,大安區,2022-05-22 08:26:38,25.01744,121.53334,新生南路三段94號前,Daan Dist.,YouBike2.0_Ln. 94， Sec. 3， Xinsheng S. Rd. Intersection,No. 94， Sec. 3， Xinsheng S. Rd.,8,1,2022-05-22 08:30:20,2022-05-22 08:30:51,2022-05-22 08:26:38,2022-05-22
500101185,YouBike2.0_辛亥新生路口西北側,12,6,大安區,2022-05-22 08:28:38,25.02267,121.5341,辛亥路一段/新生南路三段(西北側),Daan Dist.,YouBike2.0_Xinhai Rd. & Xinsheng S. Rd. Intersection,Sec. 1， Xinhai Rd. & Sec. 3， Xinsheng S. Rd. Intersection (Northwest),6,1,2022-05-22 08:30:20,2022-05-22 08:30:51,2022-05-22 08:28:38,2022-05-22
500101186,YouBike2.0_捷運大安站(6號出口),19,5,大安區,2022-05-22 08:26:38,25.03479,121.54376,復興南路一段303號前,Daan Dist.,YouBike2.0_MRT Da’an Sta. (Exit 6),No. 303， Sec. 1， Fuxing S. Rd.,14,1,2022-05-22 08:30:20,2022-05-22 08:30:51,2022-05-22 08:26:38,2022-05-22
500101187,YouBike2.0_臥龍街195巷口,14,11,大安區,2022-05-22 08:29:38,25.01783,121.55224,臥龍街/臥龍街195巷(南側),Daan Dist.,YouBike2.0_Ln. 195， Wolong St.,Wolong St. / Ln. 195， Wolong St. Intersection (South),3,1,2022-05-22 08:30:20,2022-05-22 08:30:51,2022-05-22 08:29:38,2022-05-22
500101188,YouBike2.0_辛亥路三段157巷口,19,4,大安區,2022-05-22 08:04:11,25.01727,121.54904,辛亥路三段與辛亥路三段157巷口西北側,Daan Dist.,YouBike2.0_Ln. 157， Sec. 3， Xinhai Rd.,Sec. 3， Xinhai Rd. & Ln. 157， Sec. 3， Xinhai Rd. Intersection (Northwest),15,1,2022-05-22 08:30:20,2022-05-22 08:30:51,2022-05-22 08:04:11,2022-05-22
500101189,YouBike2.0_臥龍基隆路口,16,6,大安區,2022-05-22 07:46:37,25.02039,121.54853,臥龍街與基隆路二段口東北側,Daan Dist.,YouBike2.0_Wolong St. & Xinyi Rd. Intersection,Wolong St. & Sec. 2， Xinyi Rd. Intersection (Northeast),10,1,2022-05-22 08:30:20,2022-05-22 08:30:51,2022-05-22 07:46:37,2022-05-22
500101190,YouBike2.0_敦親公園,16,4,大安區,2022-05-22 08:05:11,25.02347,121.54108,和平東路二段96巷8之1號(前方),Daan Dist.,YouBike2.0_Dunchin Park,No. 8-1， Ln. 96， Sec. 2， Heping E. Rd.,12,1,2022-05-22 08:30:20,2022-05-22 08:30:51,2022-05-22 08:05:11,2022-05-22
500101191,YouBike2.0_大安運動中心,18,9,大安區,2022-05-22 08:22:11,25.02054,121.54561,辛亥路三段55號前方人行道(大安運動中心),Daan Dist.,YouBike2.0_Taipei Daan Sports Center,No. 55， Sec. 3， Xinhai Rd.,9,1,2022-05-22 08:30:20,2022-05-22 08:30:51,2022-05-22 08:22:11,2022-05-22
500101192,YouBike2.0_和平敦化路口,22,2,大安區,2022-05-22 08:23:12,25.02444,121.54908,和平東路三段 / 敦化南路二段口(東側),Daan Dist.,YouBike2.0_Heping Rd. & Dunhua Rd. Intersection,Sec. 3， Heping E. Rd. & Sec. 2， Dunhua S. Rd. Intersection (East),20,1,2022-05-22 08:30:20,2022-05-22 08:30:51,2022-05-22 08:23:12,2022-05-22
500101193,YouBike2.0_基隆長興路口,43,6,大安區,2022-05-22 08:29:38,25.01705,121.54435,基隆路/長興街(東南側),Daan Dist.,YouBike2.0_Keelung Rd. & Changxing St. Intersection,Keelung Rd. & Changxing St. Intersection (Southeast),37,1,2022-05-22 08:30:20,2022-05-22 08:30:51,2022-05-22 08:29:38,2022-05-22
500101194,YouBike2.0_仁愛路四段122巷口,16,6,大安區,2022-05-22 07:45:11,25.03762,121.55009,仁愛路四段118號前,Daan Dist.,YouBike2.0_Ln. 122， Sec. 4， Ren'ai Rd.,No. 188， Sec. 4， Ren'ai Rd.,10,1,2022-05-22 08:30:20,2022-05-22 08:30:51,2022-05-22 07:45:11,2022-05-22
500101196,YouBike2.0_市民敦化路口,15,8,大安區,2022-05-22 01:03:11,25.04464,121.54944,敦化南路一段111號前,Daan Dist.,YouBike2.0_Civic Blvd. & Dunhua Rd. Intersection,No. 111， Sec. 1， Dunhua S. Rd.,7,1,2022-05-22 08:30:20,2022-05-22 08:30:51,2022-05-22 01:03:11,2022-05-22
500101197,YouBike2.0_忠孝東路四段49巷口,15,8,大安區,2022-05-22 08:19:38,25.04172,121.54541,忠孝東路四段55號前,Daan Dist.,YouBike2.0_Ln. 49， Sec. 4， Zhongxiao E. Rd.,No. 55， Sec. 4， Zhongxiao E. Rd.,7,1,2022-05-22 08:30:20,2022-05-22 08:30:51,2022-05-22 08:19:38,2022-05-22
500101198,YouBike2.0_市民復興路口(東南側),16,0,大安區,2022-05-20 00:51:04,25.04472,121.54401,市民大道四段/復興路一段口(東南側),Daan Dist.,YouBike2.0_Civic Blvd. & Fuxing Rd. Intersection (Southeast),Sec. 4， Civic Blvd. & Sec. 1， Fuxing S. Rd. Intersection (Southeast),16,0,2022-05-22 08:30:20,2022-05-22 08:30:51,2022-05-20 00:51:04,2022-05-20
500101200,YouBike2.0_全安公園,16,7,大安區,2022-05-22 08:26:12,25.02535,121.55101,安和路二段227巷16號對側,Daan Dist.,YouBike2.0_Quanan Park,No. 16， Ln. 227， Sec. 2， Anhe Rd. (Opposite),9,1,2022-05-22 08:30:20,2022-05-22 08:30:51,2022-05-22 08:26:12,2022-05-22
500101201,YouBike2.0_信義路三段134巷口,19,15,大安區,2022-05-22 08:27:37,25.03333,121.53968,信義路三段/信義路三段134巷口,Daan Dist.,YouBike2.0_Ln. 134， Sec. 3， Xinyi Rd.,Sec. 3， Xinyi Rd. & Ln. 134， Sec. 3， Xinyi Rd. Intersection,4,1,2022-05-22 08:30:20,2022-05-22 08:30:51,2022-05-22 08:27:37,2022-05-22
500101202,YouBike2.0_仁愛敦南圓環(東南側),16,4,大安區,2022-05-22 07:56:37,25.03715,121.54936,仁愛路四段110號前,Daan Dist.,YouBike2.0_Renai Dunnan Traffic Cir (Southeast),No. 110， Sec. 4， Ren'ai Rd.,12,1,2022-05-22 08:30:20,2022-05-22 08:30:51,2022-05-22 07:56:37,2022-05-22
500101203,YouBike2.0_臺北遠企購物中心,26,6,大安區,2022-05-21 22:50:09,25.02709,121.54902,敦化南路二段201號前,Daan Dist.,YouBike2.0_Chenggong Public House,No. 201， Sec. 2， Dunhua S. Rd.,20,1,2022-05-22 08:30:20,2022-05-22 08:30:51,2022-05-21 22:50:09,2022-05-21
500103001,YouBike2.0_延平國宅,30,13,大同區,2022-05-22 08:29:11,25.07894,121.51121,延平北路五段1-1號(對面),Datong Dist,YouBike2.0_Yanping Public Housing,No. 1-1， Sec. 5， Yanping N. Rd. (Opposite),16,1,2022-05-22 08:30:20,2022-05-22 08:30:51,2022-05-22 08:29:11,2022-05-22
500103002,YouBike2.0_臺北市立圖書館大同分館,20,2,大同區,2022-05-22 08:29:11,25.0741,121.51349,重慶北路三段318號旁,Datong Dist,YouBike2.0_Taipei Public Library DaTong Branch,No. 318， Sec. 3， Chongqing N Rd.,18,1,2022-05-22 08:30:20,2022-05-22 08:30:51,2022-05-22 08:29:11,2022-05-22
500103003,YouBike2.0_合昌宮,15,10,大同區,2022-05-22 06:44:37,25.07717,121.50934,環河北路二段371號旁,Datong Dist,YouBike2.0_Hechang Temple,No. 371， Sec. 2， Huanhe N. Rd.,5,1,2022-05-22 08:30:20,2022-05-22 08:30:51,2022-05-22 06:44:37,2022-05-22
500103004,YouBike2.0_民族延平路口,14,8,大同區,2022-05-22 08:29:38,25.06864,121.5107,延平北路三段123號北側,Datong Dist,YouBike2.0_Minzu Rd. & Yanping Rd. Intersection,No. 123， Sec. 3， Yanping N. Rd. (North),3,1,2022-05-22 08:30:20,2022-05-22 08:30:51,2022-05-22 08:29:38,2022-05-22
500103005,YouBike2.0_重慶酒泉街口,14,12,大同區,2022-05-22 08:24:11,25.07158,121.51368,重慶北路三段260號前,Datong Dist,YouBike2.0_Chongqing Rd. & Jiuquan St. Intersection,No. 260， Sec. 3， Chongqing N. Rd.,2,1,2022-05-22 08:30:20,2022-05-22 08:30:51,2022-05-22 08:24:11,2022-05-22
500103006,YouBike2.0_樹德公園,14,6,大同區,2022-05-22 08:24:11,25.06647,121.5165,大龍街85巷12號對側,Datong Dist,YouBike2.0_Shude Park,No. 12， Ln. 85， Dalong St. (Opposite),8,1,2022-05-22 08:30:20,2022-05-22 08:30:51,2022-05-22 08:24:11,2022-05-22
500103007,YouBike2.0_陳天來故居,18,1,大同區,2022-05-22 08:23:04,25.05601,121.50895,西寧北路112號前方,Datong Dist,YouBike2.0_Chen Tian-lai Residence,No. 112， Xining N. Rd.,17,1,2022-05-22 08:30:20,2022-05-22 08:30:51,2022-05-22 08:23:04,2022-05-22
500103008,YouBike2.0_臺北孔廟,20,14,大同區,2022-05-22 08:26:12,25.07378,121.51583,哈密街61號口對側人行道,Datong Dist,YouBike2.0_Taipei Confucius Temple,No. 61， Hami St. Intersection (Opposite),6,1,2022-05-22 08:30:20,2022-05-22 08:30:51,2022-05-22 08:26:12,2022-05-22
500103009,YouBike2.0_捷運圓山站(1號出口),44,11,大同區,2022-05-22 08:28:38,25.07133,121.52024,酒泉街235號前,Datong Dist,YouBike2.0_MRT Yuanshan Sta. (Exit 1),No. 235， Jiuquan St.,33,1,2022-05-22 08:30:20,2022-05-22 08:30:51,2022-05-22 08:28:38,2022-05-22
500103010,YouBike2.0_酒泉延平路口,15,3,大同區,2022-05-22 08:25:12,25.0722,121.51057,酒泉街235號前,Datong Dist,YouBike2.0_Jiuquan St. & Yanping Rd. Intersection,No. 235， Jiuquan St.,12,1,2022-05-22 08:30:20,2022-05-22 08:30:51,2022-05-22 08:25:12,2022-05-22
500103011,YouBike2.0_重慶國中,37,16,大同區,2022-05-22 08:21:37,25.07567,121.51862,敦煌路19號前,Datong Dist,YouBike2.0_Chongqing Junior High School,No. 19， Dunhuang Rd.,21,1,2022-05-22 08:30:20,2022-05-22 08:30:51,2022-05-22 08:21:37,2022-05-22
500103012,YouBike2.0_重慶北路三段383巷口,15,11,大同區,2022-05-22 06:38:37,25.07598,121.51409,敦煌路與重慶北路三段383巷口,Datong Dist,YouBike2.0_Ln. 383， Sec. 3， Chongqing N Rd. Intersection,Dunhuang Rd. & Ln. 383， Sec. 3， Chongqing N Rd. Intersection,4,1,2022-05-22 08:30:20,2022-05-22 08:30:51,2022-05-22 06:38:37,2022-05-22
500103013,YouBike2.0_台北數位產業園區,24,0,大同區,2022-05-22 08:25:04,25.07447,121.52003,承德路三段287號前方,Datong Dist,YouBike2.0_DigiBlock Taipei,No. 287， Sec. 3， Chengde Rd.,24,1,2022-05-22 08:30:20,2022-05-22 08:30:51,2022-05-22 08:25:04,2022-05-22
500103019,YouBike2.0_民權延平路口(西北側),20,3,大同區,2022-05-22 07:51:10,25.06326,121.51099,民權西路239號前方,Datong Dist,YouBike2.0_Minquan Rd. & Yanping Rd. Intersection (Northwest),No. 239， Minquan W. Rd.,17,1,2022-05-22 08:30:20,2022-05-22 08:30:51,2022-05-22 07:51:10,2022-05-22
500103020,YouBike2.0_民權迪化街口,23,8,大同區,2022-05-22 08:06:11,25.06327,121.50943,民權西路與迪化街一段口(橋墩下),Datong Dist,YouBike2.0_Minquan Rd. & Dihua St. Intersection,Minquan W. Rd. & Sec. 1， Dihua St. Intersection (Under Bridge),15,1,2022-05-22 08:30:20,2022-05-22 08:30:51,2022-05-22 08:06:11,2022-05-22
500103021,YouBike2.0_大稻埕公園,19,16,大同區,2022-05-22 08:21:12,25.05915,121.51033,安西街1巷7號(對側),Datong Dist,YouBike2.0_Dadaocheng Park,No. 7， Ln. 1， Anxi St. (Opposite),3,1,2022-05-22 08:30:20,2022-05-22 08:30:51,2022-05-22 08:21:12,2022-05-22
500103022,YouBike2.0_大龍老人住宅,14,5,大同區,2022-05-22 05:32:10,25.06853,121.51729,民族西路82號前方,Datong Dist,YouBike2.0_Dalong Old People Housing,No. 82， Minzu W. Rd.,9,1,2022-05-22 08:30:20,2022-05-22 08:30:51,2022-05-22 05:32:10,2022-05-22
500103023,YouBike2.0_大龍峒社會住宅,20,5,大同區,2022-05-22 08:27:37,25.0708,121.51826,承德路三段210號旁,Datong Dist,YouBike2.0_Dalongdong Social Housing,No. 210， Sec. 3， Chengde Rd.,15,1,2022-05-22 08:30:20,2022-05-22 08:30:51,2022-05-22 08:27:37,2022-05-22
500103024,YouBike2.0_捷運大橋頭站(2號出口),21,12,大同區,2022-05-22 08:10:19,25.06314,121.51308,捷運大橋頭站(2號出口)西側,Datong Dist,YouBike2.0_MRT Daqiaotou Sta. (Exit 2),MRT Daqiaotou Sta. (Exit 2) (West),9,1,2022-05-22 08:30:20,2022-05-22 08:30:51,2022-05-22 08:10:19,2022-05-22
500103025,YouBike2.0_捷運大橋頭站(1A出口),18,0,大同區,2022-05-22 07:33:04,25.06325,121.51162,民權西路237號旁,Datong Dist,YouBike2.0_MRT Daqiaotou Sta. (Exit 1A),No. 237， Minquan W Rd.,18,1,2022-05-22 08:30:20,2022-05-22 08:30:51,2022-05-22 07:33:04,2022-05-22
500103026,YouBike2.0_捷運民權西路站(2號出口),25,14,大同區,2022-05-22 08:04:38,25.06174,121.51969,捷運民權西路站(2號出口)西側,Datong Dist,YouBike2.0_MRT Minquan W. Rd. Sta. (Exit 2),MRT Minquan W. Rd. Sta. (West),11,1,2022-05-22 08:30:20,2022-05-22 08:30:51,2022-05-22 08:04:38,2022-05-22
500103027,YouBike2.0_捷運雙連站(2號出口),31,11,大同區,2022-05-22 08:29:11,25.05826,121.52063,萬全街22號對面,Datong Dist,YouBike2.0_MRT Shuanglian Sta. (Exit 2),No. 22， Wanquan St. (Opposite),20,1,2022-05-22 08:30:20,2022-05-22 08:30:51,2022-05-22 08:29:11,2022-05-22
500103028,YouBike2.0_捷運北門站(3號出口),48,15,大同區,2022-05-22 08:08:37,25.04991,121.5104,塔城街與鄭州路口西南側,Datong Dist,YouBike2.0_MRT Beimen. (Exit 3),Tacheng St. & Zhengzhou Rd. Intersection (Southwest),33,1,2022-05-22 08:30:20,2022-05-22 08:30:51,2022-05-22 08:08:37,2022-05-22
500103029,YouBike2.0_朝陽公園,10,4,大同區,2022-05-22 07:46:11,25.05592,121.51367,重慶北路二段62-1號旁,Datong Dist,YouBike2.0_Zhaoyang Park,No. 62-1， Sec. 2， Chongqing N. Rd.,4,1,2022-05-22 08:30:20,2022-05-22 08:30:51,2022-05-22 07:46:11,2022-05-22
500103030,YouBike2.0_永樂市場,14,6,大同區,2022-05-22 08:03:37,25.05454,121.51052,南京西路233巷103號旁,Datong Dist,YouBike2.0_Yongle Market,No. 103， Ln. 233， Nanjing W. Rd.,8,1,2022-05-22 08:30:20,2022-05-22 08:30:51,2022-05-22 08:03:37,2022-05-22
500103031,YouBike2.0_大龍公園,18,9,大同區,2022-05-22 08:23:12,25.07049,121.51596,大龍街217號對側,Datong Dist,YouBike2.0_Dalong Park,No. 217， Dalong St. (Opposite),9,1,2022-05-22 08:30:20,2022-05-22 08:30:51,2022-05-22 08:23:12,2022-05-22
500103032,YouBike2.0_重慶涼州街口,13,7,大同區,2022-05-22 07:32:10,25.06054,121.51338,重慶北路二段180號旁,Datong Dist,YouBike2.0_Chongcing Rd. & Liangjhou St. Intersection,No. 180， Sec. 2， Chongcing N. Rd.,6,1,2022-05-22 08:30:20,2022-05-22 08:30:51,2022-05-22 07:32:10,2022-05-22
500103034,YouBike2.0_圓環站,21,19,大同區,2022-05-22 08:26:38,25.05369,121.51418,重慶北路一段128號前,Datong Dist,YouBike2.0_Yuanhuan,No. 128， Sec. 1， Chongcing N. Rd.,2,1,2022-05-22 08:30:20,2022-05-22 08:30:51,2022-05-22 08:26:38,2022-05-22
500103035,YouBike2.0_重慶民族路口,13,1,大同區,2022-05-22 08:19:11,25.06853,121.51359,重慶北路三段162號前,Datong Dist,YouBike2.0_Chongcing Rd. & Minzu Rd. Intersection,No. 162， Sec. 3， Chongcing N. Rd.,12,1,2022-05-22 08:30:20,2022-05-22 08:30:51,2022-05-22 08:19:11,2022-05-22
500103036,YouBike2.0_承德路三段8巷口,10,6,大同區,2022-05-22 08:09:11,25.06407,121.51822,承德路三段14號前,Datong Dist,YouBike2.0_Ln. 8， Sec. 3， Chengde Rd. Intersection,No. 14， Sec. 3， Chengde Rd.,4,1,2022-05-22 08:30:20,2022-05-22 08:30:51,2022-05-22 08:09:11,2022-05-22
500103037,YouBike2.0_太原廣場,31,15,大同區,2022-05-22 08:25:38,25.04925,121.51468,鄭州路23號(旁),Datong Dist,YouBike2.0_Tai Yuan Guang Chang,No. 23， Zhengzhou Rd.,16,1,2022-05-22 08:30:20,2022-05-22 08:30:51,2022-05-22 08:25:38,2022-05-22
500103038,YouBike2.0_國順公園,20,7,大同區,2022-05-22 07:04:10,25.06592,121.51014,昌吉街133號前,Datong Dist,YouBike2.0_Guoshun Park,No. 133， Changji St.,13,1,2022-05-22 08:30:20,2022-05-22 08:30:51,2022-05-22 07:04:10,2022-05-22
500103039,YouBike2.0_聯合醫院中興院區,13,7,大同區,2022-05-22 08:23:38,25.05205,121.50818,長安西路299號(對面),Datong Dist,YouBike2.0_Taipei City Hospital Zhongxing Branch,No. 299， Chang'an W. Rd. (Opposite),6,1,2022-05-22 08:30:20,2022-05-22 08:30:51,2022-05-22 08:23:38,2022-05-22
500103040,YouBike2.0_蔣渭水紀念公園,24,8,大同區,2022-05-22 08:10:38,25.06011,121.51729,錦西街/興城街口(西南側),Datong Dist,YouBike2.0_Chiang Wei-shui Memorial Park,Jinxi St. & Xingcheng St. Intersection (Southwest),16,1,2022-05-22 08:30:20,2022-05-22 08:30:51,2022-05-22 08:10:38,2022-05-22
500103041,YouBike2.0_迪化休閒運動公園,12,5,大同區,2022-05-22 08:16:12,25.07491,121.5115,延平北路四段200號(南側),Datong Dist,YouBike2.0_Dihua Recreational Sports Park,No. 200， Sec. 4， Yanping N. (South),7,1,2022-05-22 08:30:20,2022-05-22 08:30:51,2022-05-22 08:16:12,2022-05-22
500103042,YouBike2.0_大同運動中心,16,5,大同區,2022-05-22 07:33:11,25.06496,121.51608,大龍街51號(旁),Datong Dist,YouBike2.0_Taipei DaTong Sports Center,No. 51， Dalong St.,11,1,2022-05-22 08:30:20,2022-05-22 08:30:51,2022-05-22 07:33:11,2022-05-22
500103043,YouBike2.0_重慶保安街口(家樂福重慶店),20,5,大同區,2022-05-22 08:28:38,25.05918,121.51373,重慶北路二段171號(旁),Datong Dist,YouBike2.0_Chongqing Rd. & Bao'an St. Intersection,No. 171， Sec. 2， Chongqing N. Rd.,14,1,2022-05-22 08:30:20,2022-05-22 08:30:51,2022-05-22 08:28:38,2022-05-22
500103045,YouBike2.0_歸綏戲曲公園,20,6,大同區,2022-05-22 08:19:38,25.05805,121.51353,重慶北路二段/歸綏街口(南側),Datong Dist,YouBike2.0_Guisui Park,Sec. 2， Chongqing N. Rd. & Guisui St. Intersection (South),14,1,2022-05-22 08:30:20,2022-05-22 08:30:51,2022-05-22 08:19:38,2022-05-22
500103046,YouBike2.0_民權國中(民權西路),17,10,大同區,2022-05-22 07:36:37,25.06322,121.5144,民權西路/蘭州街(西側),Datong Dist,YouBike2.0_Min-Quan Junior High School (Minquan W. Rd.),Minquan W. Rd. & Lanzhou St. Intersection (West),7,1,2022-05-22 08:30:20,2022-05-22 08:30:51,2022-05-22 07:36:37,2022-05-22
500103047,YouBike2.0_承德民權路口,17,5,大同區,2022-05-22 08:29:11,25.06247,121.51839,承德路二段239號前,Datong Dist,YouBike2.0_Chengde Rd. & Minquan Rd. Intersection,No. 239， Sec. 2， Chengde Rd.,12,1,2022-05-22 08:30:20,2022-05-22 08:30:51,2022-05-22 08:29:11,2022-05-22
500103048,YouBike2.0_南京太原路口,18,10,大同區,2022-05-22 08:27:11,25.05366,121.51638,南京西路/太原路(東側),Datong Dist,YouBike2.0_Nanjing Rd. & Taiyuan Rd. Intersection,Nanjing W. Rd. & Taiyuan Rd. Intersection (East),8,1,2022-05-22 08:30:20,2022-05-22 08:30:51,2022-05-22 08:27:11,2022-05-22
500103049,YouBike2.0_承德民生西路口,11,7,大同區,2022-05-22 08:22:04,25.05756,121.51828,承德路二段137號前,Datong Dist,YouBike2.0_Chengde Rd. & Minsheng W. Rd. Intersection,No. 137， Sec. 2， Chengde Rd.,4,1,2022-05-22 08:30:20,2022-05-22 08:30:51,2022-05-22 08:22:04,2022-05-22
500103050,YouBike2.0_太原五原路口,20,11,大同區,2022-05-22 08:08:11,25.05646,121.51698,太原路 / 五原路口(東南側),Datong Dist,YouBike2.0_Taiyuan Rd. & Wuyuan Rd. Intersection,Taiyuan Rd. & Wuyuan Rd. Intersection (Southeast),9,1,2022-05-22 08:30:20,2022-05-22 08:30:51,2022-05-22 08:08:11,2022-05-22
500103051,YouBike2.0_臺北轉運站(華陰街),20,13,大同區,2022-05-22 08:29:11,25.04937,121.51914,華陰街45號(對面),Datong Dist,YouBike2.0_Taipei Bus Station (Huayin St.),No. 45， Huayin St. (Opposite),7,1,2022-05-22 08:30:20,2022-05-22 08:30:51,2022-05-22 08:29:11,2022-05-22
500103052,YouBike2.0_捷運民權西路站(3號出口),26,9,大同區,2022-05-22 08:24:11,25.06129,121.52021,民權西路70巷37號對面,Datong Dist,YouBike2.0_MRT Minquan W. Rd. Sta. (Exit 3),No. 37， Ln. 70， Minquan W. Rd. (Opposite),17,1,2022-05-22 08:30:20,2022-05-22 08:30:51,2022-05-22 08:24:11,2022-05-22
500103053,YouBike2.0_捷運中山站(5號出口),11,2,大同區,2022-05-22 08:28:04,25.05296,121.51938,南京西路57號前,Datong Dist,YouBike2.0_MRT Zhongshan Sta. (Exit 5),No. 57， Nanjing W. Rd.,9,1,2022-05-22 08:30:20,2022-05-22 08:30:51,2022-05-22 08:28:04,2022-05-22
500103054,YouBike2.0_重慶長安路口,15,12,大同區,2022-05-22 07:19:10,25.0515,121.51398,長安西路244號(重慶路側),Datong Dist,YouBike2.0_Chongqing Rd. & Chang'an Rd. Intersection,No. 244， Chang'an W. Rd. (Sec. 1， Chongqing N. Rd.),3,1,2022-05-22 08:30:20,2022-05-22 08:30:51,2022-05-22 07:19:10,2022-05-22
500104001,YouBike2.0_劍潭抽水站,17,14,士林區,2022-05-22 08:27:11,25.08128,121.51784,通河東街325巷/通河東街口,Shilin Dist,YouBike2.0_Jiantan Pumping Station,Ln. 325， Tonghe St. Intersection,3,1,2022-05-22 08:30:20,2022-05-22 08:30:51,2022-05-22 08:27:11,2022-05-22
500104002,YouBike2.0_通河東街大南路口,15,8,士林區,2022-05-22 07:40:17,25.08914,121.51542,通河東街1段192號(旁),Shilin Dist,YouBike2.0_Tonghe E. St. & Danan Rd. Intersection,No. 192， Sec.1， Tonghe E. St. (Side),7,1,2022-05-22 08:30:20,2022-05-22 08:30:51,2022-05-22 07:40:17,2022-05-22
500104003,YouBike2.0_福港街停車場,22,12,士林區,2022-05-22 07:56:37,25.08695,121.51901,華齡街175號(旁),Shilin Dist,YouBike2.0_Fugang St. Parking Lot,No. 175， Hualing St. (Side),10,1,2022-05-22 08:30:20,2022-05-22 08:30:51,2022-05-22 07:56:37,2022-05-22
500104004,YouBike2.0_百齡國小,37,22,士林區,2022-05-22 08:28:12,25.08521,121.51918,前港街104號(對面),Shilin Dist,YouBike2.0_Bailing Elementary School,No. 104， Qiangang St. (Opposite),15,1,2022-05-22 08:30:20,2022-05-22 08:30:51,2022-05-22 08:28:12,2022-05-22
500104005,YouBike2.0_雨聲街165巷口,15,9,士林區,2022-05-21 23:06:11,25.10277,121.53357,雨聲街/雨聲街165巷(西北側),Shilin Dist,YouBike2.0_Ln. 165， Yusheng St. Intersection,Ln. 165， Yusheng St. Intersection (Northwest),6,1,2022-05-22 08:30:20,2022-05-22 08:30:51,2022-05-21 23:06:11,2022-05-21
500104006,YouBike2.0_天和公園,13,1,士林區,2022-05-22 06:15:37,25.12001,121.53342,天母東路69巷30號(前方路側),Shilin Dist,YouBike2.0_Tianhe Park,No.30， Ln.69， Tianmu E. Rd. (Front),11,1,2022-05-22 08:30:20,2022-05-22 08:30:51,2022-05-22 06:15:37,2022-05-22
500104007,YouBike2.0_中山天母路口,29,23,士林區,2022-05-22 08:29:38,25.11856,121.52964,天母西路3-55號前人行道,Shilin Dist,YouBike2.0_Zhongshan & Tianmu Rd. Intersection,No. 3-55， Tianmu W. Rd. (Front),6,1,2022-05-22 08:30:20,2022-05-22 08:30:51,2022-05-22 08:29:38,2022-05-22
500104008,YouBike2.0_天母運動公園,27,5,士林區,2022-05-22 08:19:38,25.11633,121.53414,忠誠路二段/忠誠路二段207巷(東南側),Shilin Dist,YouBike2.0_Tianmu Sports Park,Ln. 207， Sec.2， Zhongcheng Rd. (Southeast),22,1,2022-05-22 08:30:20,2022-05-22 08:30:51,2022-05-22 08:19:38,2022-05-22
500104009,YouBike2.0_臺北市立大學(天母校區),16,8,士林區,2022-05-22 08:20:39,25.11356,121.53718,士東路276號至280號對面人行道,Shilin Dist,YouBike2.0_University of Taipei (Tianmu Campus),No. 276-280， Shidong Rd. (Opposite),8,1,2022-05-22 08:30:20,2022-05-22 08:30:51,2022-05-22 08:20:39,2022-05-22
500104010,YouBike2.0_忠誠路二段53巷,18,3,士林區,2022-05-22 08:28:12,25.11127,121.53244,忠誠路2段53巷7號(對面),Shilin Dist,YouBike2.0_Ln. 53， Sec. 2， Zhongcheng Rd.,No.7， Ln. 53， Sec. 2， Zhongcheng Rd. (Opposite),15,1,2022-05-22 08:30:20,2022-05-22 08:30:51,2022-05-22 08:28:12,2022-05-22
500104011,YouBike2.0_天母國中,18,6,士林區,2022-05-22 07:27:37,25.11811,121.53875,天母東路120號(斜前方),Shilin Dist,YouBike2.0_Tianmu Junior High School,No. 120， Tianmu E. Rd. (Front right),12,1,2022-05-22 08:30:20,2022-05-22 08:30:51,2022-05-22 07:27:37,2022-05-22
500104012,YouBike2.0_天母棒球場,26,7,士林區,2022-05-22 07:46:28,25.11341,121.53195,忠誠路二段122號(對面),Shilin Dist,YouBike2.0_Taipei Tianmu Baseball Stadium,No. 122， Sec. 2， Zhongcheng Rd. (Opposite),19,1,2022-05-22 08:30:20,2022-05-22 08:30:51,2022-05-22 07:46:28,2022-05-22
500104013,YouBike2.0_天母北天玉街口,15,0,士林區,2022-05-22 08:26:04,25.12011,121.52652,天母北路33號(前),Shilin Dist,YouBike2.0_Tianmu N. Rd. & Tianyu St. Intersection,No. 33， Tianmu N. Rd.,15,1,2022-05-22 08:30:20,2022-05-22 08:30:51,2022-05-22 08:26:04,2022-05-22
500104014,YouBike2.0_蘭興公園,16,8,士林區,2022-05-22 08:10:38,25.11184,121.52589,中山北路六段/士東路(西北側),Shilin Dist,YouBike2.0_Lanxing Park,Sec. 6， Zhongshan N. Rd. & Shidong Rd. Intersection (Northwest),8,1,2022-05-22 08:30:20,2022-05-22 08:30:51,2022-05-22 08:10:38,2022-05-22
500104015,YouBike2.0_明勝公園,14,10,士林區,2022-05-22 08:09:11,25.08009,121.51895,承德路4段6巷71號(對面),Shilin Dist,YouBike2.0_Mingsheng Park,No. 71， Ln. 6， Sec.4， Chengde Rd. (Opposite),4,1,2022-05-22 08:30:20,2022-05-22 08:30:51,2022-05-22 08:09:11,2022-05-22
500104016,YouBike2.0_劍潭海外青年活動中心,23,10,士林區,2022-05-22 08:22:11,25.07994,121.52426,中山北路4段/通河街口,Shilin Dist,YouBike2.0_Chientan Youth Activity Center,Sec. 4， Zhongshan N. Rd. & Tonghe St. Intersection,13,1,2022-05-22 08:30:20,2022-05-22 08:30:51,2022-05-22 08:22:11,2022-05-22
500104018,YouBike2.0_忠誠路一段173巷口,11,4,士林區,2022-05-22 07:45:37,25.10813,121.5304,忠誠路一段177號(前),Shilin Dist,YouBike2.0_No. 173， Sec. 1， Zhongcheng Rd. Intersection,No. 177， Sec. 1， Zhongcheng Rd.,7,1,2022-05-22 08:30:20,2022-05-22 08:30:51,2022-05-22 07:45:37,2022-05-22
500104019,YouBike2.0_雨農國小,32,18,士林區,2022-05-22 08:26:12,25.10564,121.52916,忠誠路一段127號(前),Shilin Dist,YouBike2.0_Yunong Elementary School,No. 127， Sec. 1， Zhongcheng Rd.,14,1,2022-05-22 08:30:20,2022-05-22 08:30:51,2022-05-22 08:26:12,2022-05-22
500104020,YouBike2.0_忠誠公園,14,6,士林區,2022-05-22 08:04:11,25.10399,121.52593,忠誠路一段18號(對面),Shilin Dist,YouBike2.0_Zhongcheng Park,No. 18， Sec. 1， Zhongcheng Rd.,8,1,2022-05-22 08:30:20,2022-05-22 08:30:51,2022-05-22 08:04:11,2022-05-22
500104021,YouBike2.0_芝山抽水站,21,10,士林區,2022-05-22 07:58:11,25.10155,121.52832,至誠路二段47-49號(前),Shilin Dist,YouBike2.0_Zhishan Pumping Plant,No. 47， Sec. 2， Zhicheng Rd.,9,1,2022-05-22 08:30:20,2022-05-22 08:30:51,2022-05-22 07:58:11,2022-05-22
500104022,YouBike2.0_至誠路一段305巷口,21,13,士林區,2022-05-22 00:43:38,25.10186,121.53083,至誠路一段303號(對面),Shilin Dist,YouBike2.0_Ln. 305， Sec. 1， Zhicheng Rd. Intersection,No. 303， Sec. 1， Zhicheng Rd.,8,1,2022-05-22 08:30:20,2022-05-22 08:30:51,2022-05-22 00:43:38,2022-05-22
500104023,YouBike2.0_華齡公園,18,7,士林區,2022-05-22 08:27:37,25.08302,121.52069,劍潭路76號(對面),Shilin Dist,YouBike2.0_Hualing Park,No. 76， Jiantan Rd. (Opposite),11,1,2022-05-22 08:30:20,2022-05-22 08:30:51,2022-05-22 08:27:37,2022-05-22
500104024,YouBike2.0_前港公園(福德宮),18,9,士林區,2022-05-22 07:38:11,25.08671,121.52096,後港街134巷/後港街口,Shilin Dist,YouBike2.0_Qiangang Park(Fude Temple),Ln. 134， Hougang/Hougang St. Intersection,9,1,2022-05-22 08:30:20,2022-05-22 08:30:51,2022-05-22 07:38:11,2022-05-22
500104025,YouBike2.0_華齡街185巷口,12,3,士林區,2022-05-22 08:27:37,25.08828,121.51985,華齡街188號(前),Shilin Dist,YouBike2.0_Ln. 185， Hualing St.,No. 188， Hualing St.,9,1,2022-05-22 08:30:20,2022-05-22 08:30:51,2022-05-22 08:27:37,2022-05-22
500104026,YouBike2.0_前港公園(前港街),19,11,士林區,2022-05-22 08:27:37,25.0848,121.52125,前港街48號(對面),Shilin Dist,YouBike2.0_Qiangang Park (Qiangang St),No. 48， Qiangang St. (Opposite),8,1,2022-05-22 08:30:20,2022-05-22 08:30:51,2022-05-22 08:27:37,2022-05-22
500104027,YouBike2.0_百齡高中,15,7,士林區,2022-05-22 08:26:12,25.08736,121.52272,承德路四段179巷/承德路4段口,Shilin Dist,YouBike2.0_Bailing High School,Ln. 179， Sec. 4， Chengde Rd. Intersection,8,1,2022-05-22 08:30:20,2022-05-22 08:30:51,2022-05-22 08:26:12,2022-05-22
500104028,YouBike2.0_捷運芝山站(2號出口),21,7,士林區,2022-05-22 08:29:38,25.10364,121.52219,福華路151號(對面),Shilin Dist,YouBike2.0_MRT Zhishan Station,No. 151， Fuhua Rd. (Opposite),14,1,2022-05-22 08:30:20,2022-05-22 08:30:51,2022-05-22 08:29:38,2022-05-22
500104029,YouBike2.0_臺灣戲曲中心,14,3,士林區,2022-05-22 07:25:11,25.10208,121.51979,文林路751號(南側),Shilin Dist,YouBike2.0_Taiwan Traditional Theatre Center,No. 751， Wenlin Rd. (South),11,1,2022-05-22 08:30:20,2022-05-22 08:30:51,2022-05-22 07:25:11,2022-05-22
500104030,YouBike2.0_捷運劍潭站(2號出口),63,27,士林區,2022-05-22 08:29:11,25.08288,121.52455,基河路18號(對面),Shilin Dist,YouBike2.0_MRT Jianta Station,No.18， Jihe Rd. (Opposite),36,1,2022-05-22 08:30:20,2022-05-22 08:30:51,2022-05-22 08:29:11,2022-05-22
500104031,YouBike2.0_劍潭基河路口,20,5,士林區,2022-05-22 07:55:38,25.08403,121.5249,劍潭路基河路口(捷運站橋下空間),Shilin Dist,YouBike2.0_Jiantan Rd & Jihe Rd Intersection,Jiantan Rd. & Jihe Rd. Intersection,15,1,2022-05-22 08:30:20,2022-05-22 08:30:51,2022-05-22 07:55:38,2022-05-22
500104032,YouBike2.0_志成公園,15,4,士林區,2022-05-22 08:29:11,25.09667,121.53206,中正路/雨農路口(西北側),Shilin Dist,YouBike2.0_Zhicheng Park,Jhongjheng Rd & Yunong Rd. Intersection (Northwest),11,1,2022-05-22 08:30:20,2022-05-22 08:30:51,2022-05-22 08:29:11,2022-05-22
500104033,YouBike2.0_福林國小,14,7,士林區,2022-05-22 07:44:11,25.09896,121.53025,福志路50號(對面),Shilin Dist,YouBike2.0_Fu-Lin Elementary School,No. 50， Fuzhi Rd. (Opposite),7,1,2022-05-22 08:30:20,2022-05-22 08:30:51,2022-05-22 07:44:11,2022-05-22
500104034,YouBike2.0_中山中正路口,19,6,士林區,2022-05-22 08:15:39,25.09651,121.52753,中山北路五段609號(前),Shilin Dist,YouBike2.0_Sec. 5， Jhongshan N. Rd & Jhongjheng Rd Intersection,No. 609， Sec. 5， Jhongshan N. Rd.,13,1,2022-05-22 08:30:20,2022-05-22 08:30:51,2022-05-22 08:15:39,2022-05-22
500104035,YouBike2.0_士林運動中心,27,13,士林區,2022-05-22 08:28:12,25.08911,121.52154,士商路1號(前),Shilin Dist,YouBike2.0_Shihlin Sport Center,No. 1， Shishang Rd.,14,1,2022-05-22 08:30:20,2022-05-22 08:30:51,2022-05-22 08:28:12,2022-05-22
500104036,YouBike2.0_陽明高中,36,18,士林區,2022-05-22 07:45:38,25.09164,121.51706,中正路510號(前),Shilin Dist,YouBike2.0_Yangming High School,No. 510， Zhongzheng Rd.,18,1,2022-05-22 08:30:20,2022-05-22 08:30:51,2022-05-22 07:45:38,2022-05-22
500104037,YouBike2.0_兒童新樂園,23,8,士林區,2022-05-22 07:39:37,25.09631,121.51449,承德路五段55號(旁公車亭),Shilin Dist,YouBike2.0_Taipei Children's Amusement Park,No. 55， Sec. 5， Chengde Rd.,15,1,2022-05-22 08:30:20,2022-05-22 08:30:51,2022-05-22 07:39:37,2022-05-22
500104038,YouBike2.0_臺北市立天文館,31,5,士林區,2022-05-22 08:23:12,25.09598,121.51776,基河路363號(前),Shilin Dist,YouBike2.0_Taipei Astronomical Museum,No. 363， Jihe Rd.,26,1,2022-05-22 08:30:20,2022-05-22 08:30:51,2022-05-22 08:23:12,2022-05-22
500104039,YouBike2.0_華聲公園,27,14,士林區,2022-05-22 08:15:39,25.09619,121.5223,華聲街17號(南側路側),Shilin Dist,YouBike2.0_Huasheng Park,No. 17， Huasheng St. (South),13,1,2022-05-22 08:30:20,2022-05-22 08:30:51,2022-05-22 08:15:39,2022-05-22
500104040,YouBike2.0_福林公園,17,0,士林區,2022-05-03 16:11:15,25.09419,121.52833,福林路/中山北路五段(東北側),Shilin Dist,YouBike2.0_Fulin Park,Sec. 5， Zhongshan N. Rd. (Northwest),17,0,2022-05-22 08:30:20,2022-05-22 08:30:51,2022-05-03 16:11:15,2022-05-03
500104041,YouBike2.0_捷運士林站(2號出口),31,16,士林區,2022-05-22 08:23:38,25.09343,121.52642,中山北路五段505巷44弄2號(對面),Shilin Dist,YouBike2.0_MRT Shilin Station (Exit 2),No. 2， Aly. 44， Ln. 505， Sec. 5， Zhongshan N. Rd. (Opposite),13,1,2022-05-22 08:30:20,2022-05-22 08:30:51,2022-05-22 08:23:38,2022-05-22
500104042,YouBike2.0_銘傳大學,30,8,士林區,2022-05-22 08:13:11,25.08771,121.52677,中山北路五段250號(銘傳大學對側),Shilin Dist,YouBike2.0_Ming Chuan University Taipei Campus,No. 250， Sec. 5， Zhongshan N. Rd.,22,1,2022-05-22 08:30:20,2022-05-22 08:30:51,2022-05-22 08:13:11,2022-05-22
500104043,YouBike2.0_士林高商,26,15,士林區,2022-05-22 08:23:12,25.09435,121.51702,士商路150號(校門旁),Shilin Dist,YouBike2.0_Shilin High School of Commerce,No. 150， Shishang Rd.,11,1,2022-05-22 08:30:20,2022-05-22 08:30:51,2022-05-22 08:23:12,2022-05-22
500104044,YouBike2.0_蘭雅公園,29,8,士林區,2022-05-22 08:23:12,25.10991,121.53039,忠誠路二段/忠誠路二段40巷(西南側),Shilin Dist,YouBike2.0_Lanya Park,Ln. 40， Sec. 2， Zhongcheng Rd. Intersection (Southwest),21,1,2022-05-22 08:30:20,2022-05-22 08:30:51,2022-05-22 08:23:12,2022-05-22
500104045,YouBike2.0_聯合醫院陽明院區,15,8,士林區,2022-05-22 07:22:37,25.10455,121.53195,雨聲街105號(南側),Shilin Dist,YouBike2.0_Taipei City Hospital Yangming Branch,No. 105， Yusheng St. (South),7,1,2022-05-22 08:30:20,2022-05-22 08:30:51,2022-05-22 07:22:37,2022-05-22
500104046,YouBike2.0_捷運芝山站(1號出口),36,15,士林區,2022-05-22 08:26:38,25.10225,121.52286,福華路114號(對面),Shilin Dist,YouBike2.0_MRT Zhishan Sta. (Exit 1),No. 114， Fuhua Rd. (Opposite),20,1,2022-05-22 08:30:20,2022-05-22 08:30:51,2022-05-22 08:26:38,2022-05-22
500104047,YouBike2.0_至誠公園,15,7,士林區,2022-05-22 06:38:38,25.10143,121.53585,至誠路一段80號(對面),Shilin Dist,YouBike2.0_Zhicheng Park,No. 80， Sec. 1， Zhicheng Rd. (Opposite),8,1,2022-05-22 08:30:20,2022-05-22 08:30:51,2022-05-22 06:38:38,2022-05-22
500104048,YouBike2.0_原住民文化主題公園,21,11,士林區,2022-05-22 07:39:37,25.10113,121.55159,至善路二段280號(對面),Shilin Dist,YouBike2.0_Indigenous People's Park,No. 280， Sec. 2， Zhishan Rd. (Opposite),10,1,2022-05-22 08:30:20,2022-05-22 08:30:51,2022-05-22 07:39:37,2022-05-22
500104049,YouBike2.0_通河東街2段10巷口,15,3,士林區,2022-05-22 08:22:38,25.09106,121.51502,通河東街2段5號(對面),Shilin Dist,YouBike2.0_Ln. 10， Sec. 2， Tonghe E. St. Intersection,No. 5， Sec. 2， Tonghe E. St. (Opposite),12,1,2022-05-22 08:30:20,2022-05-22 08:30:51,2022-05-22 08:22:38,2022-05-22
500104050,YouBike2.0_梅林新村,15,5,士林區,2022-05-22 08:29:11,25.09755,121.54036,至善路一段/至善路一段138巷(北側),Shilin Dist,YouBike2.0_Meilin New Village,Sec. 1， Zhishan Rd & Ln. 138， Sec. 1， Zhishan Rd (North),9,1,2022-05-22 08:30:20,2022-05-22 08:30:51,2022-05-22 08:29:11,2022-05-22
500104051,YouBike2.0_延平北中正路口,30,13,士林區,2022-05-22 08:29:38,25.08678,121.50948,中正路613號(對面),Shilin Dist,YouBike2.0_Yanping N. Rd & Zhongzheng Rd Intersection,No. 403， Zhongzheng Rd,17,1,2022-05-22 08:30:20,2022-05-22 08:30:51,2022-05-22 08:29:38,2022-05-22
500104052,YouBike2.0_重慶北路四段190巷口,13,7,士林區,2022-05-22 08:12:37,25.08505,121.51166,重慶北路四段198號(前),Shilin Dist,YouBike2.0_Ln. 190， Sec. 4， Chongqing N. Rd Intersection,No. 198， Sec. 4， Chongqing N. Rd,6,1,2022-05-22 08:30:20,2022-05-22 08:30:51,2022-05-22 08:12:37,2022-05-22
500104053,YouBike2.0_重慶北葫東街口,15,7,士林區,2022-05-22 06:42:38,25.08393,121.51169,重慶北路四段177號(前),Shilin Dist,YouBike2.0_Sec. 4， Chongqing N. Rd.& Hudong St Intersection,No. 177， Sec. 4， Chongqing N. Rd.,8,1,2022-05-22 08:30:20,2022-05-22 08:30:51,2022-05-22 06:42:38,2022-05-22
500104054,YouBike2.0_葫蘆國小,20,12,士林區,2022-05-22 08:27:11,25.08254,121.5075,環河北路三段/葫蘆街(東北側),Shilin Dist,YouBike2.0_Hulu Elementary School,Sec. 3， Huanhe N. Rd & Hulu St. (Northeast),8,1,2022-05-22 08:30:20,2022-05-22 08:30:51,2022-05-22 08:27:11,2022-05-22
500104055,YouBike2.0_士林3號廣場,30,12,士林區,2022-05-22 08:27:11,25.10459,121.52417,中山北路六段81號(旁),Shilin Dist,YouBike2.0_Shilin Plaza,No. 81， Sec 6， Zhongshan N. Rd.,18,1,2022-05-22 08:30:20,2022-05-22 08:30:51,2022-05-22 08:27:11,2022-05-22
500104056,YouBike2.0_社正公園,15,9,士林區,2022-05-22 08:19:11,25.08824,121.51054,社中街39號(對面),Shilin Dist,YouBike2.0_Shezheng Park,No. 39， Shezhong St. (Opposite),6,1,2022-05-22 08:30:20,2022-05-22 08:30:51,2022-05-22 08:19:11,2022-05-22
500104057,YouBike2.0_社子國小,15,6,士林區,2022-05-22 08:29:38,25.09058,121.50142,社中街476號(對面),Shilin Dist,YouBike2.0_Shezi Elementary School,No. 476， Shezhong St. (Opposite),9,1,2022-05-22 08:30:20,2022-05-22 08:30:51,2022-05-22 08:29:38,2022-05-22
500104058,YouBike2.0_社中街384巷口,18,7,士林區,2022-05-22 08:15:39,25.09346,121.50376,通河西街二段194號(對面),Shilin Dist,YouBike2.0_Ln. 384， Shezhong St Intersection,No. 194， Sec. 2， Tonghe W. St. (Opposite),11,1,2022-05-22 08:30:20,2022-05-22 08:30:51,2022-05-22 08:15:39,2022-05-22
500104059,YouBike2.0_忠誠路一段138號,15,6,士林區,2022-05-22 08:15:13,25.10641,121.52944,忠誠路一段138號(斜前方),Shilin Dist,YouBike2.0_No. 138， Sec. 1， Zhongcheng Rd,No. 138， Sec. 1， Zhongcheng Rd. (Diagonally across),9,1,2022-05-22 08:30:20,2022-05-22 08:30:51,2022-05-22 08:15:13,2022-05-22
500104060,YouBike2.0_社子公園,14,8,士林區,2022-05-22 08:10:38,25.0902,121.50622,永平街20巷37弄/永平街20巷11弄(社子公園南側),Shilin Dist,YouBike2.0_Shezi Park,Aly. 37， Ln. 20， Yongping St & Aly. 11， Ln. 20， Yongping St Intersection.,6,1,2022-05-22 08:30:20,2022-05-22 08:30:51,2022-05-22 08:10:38,2022-05-22
500104061,YouBike2.0_國立故宮博物院,17,7,士林區,2022-05-22 07:36:11,25.09833,121.54788,力行街8號(對面),Shilin Dist,YouBike2.0_National Palace Museum,No. 8， Lixing St. (Opposite),10,1,2022-05-22 08:30:20,2022-05-22 08:30:51,2022-05-22 07:36:11,2022-05-22
500104062,YouBike2.0_泰北高中,12,7,士林區,2022-05-22 08:00:27,25.09763,121.53402,福林路240號(前),Shilin Dist,YouBike2.0_Taibei High School,No. 240， Fulin Rd.,5,1,2022-05-22 08:30:20,2022-05-22 08:30:51,2022-05-22 08:00:27,2022-05-22
500104063,YouBike2.0_後港公園,15,7,士林區,2022-05-21 19:21:22,25.09312,121.51419,通河東街二段26號(旁公園),Shilin Dist,YouBike2.0_Hougang Park,No. 26， Sec. 2， Tonghe E. St. (Side),8,1,2022-05-22 08:30:20,2022-05-22 08:30:51,2022-05-21 19:21:22,2022-05-21
500104064,YouBike2.0_重慶北路四段117號,18,8,士林區,2022-05-22 08:17:37,25.08279,121.51219,重慶北路四段117號(前),Shilin Dist,YouBike2.0_No. 117， Sec. 4， Chongqing N. Rd,No. 117， Sec. 4， Chongqing N. Rd.,10,1,2022-05-22 08:30:20,2022-05-22 08:30:51,2022-05-22 08:17:37,2022-05-22
500104065,YouBike2.0_社子島島頭公園,15,4,士林區,2022-05-22 08:06:11,25.10893,121.46639,延平北路九段323號(後方堤外),Shilin Dist,YouBike2.0_Daotou Park,No. 323， Sec. 9， Yanping N. Rd. (Back),11,1,2022-05-22 08:30:20,2022-05-22 08:30:51,2022-05-22 08:06:11,2022-05-22
500104066,YouBike2.0_延平北路八段133巷口,15,3,士林區,2022-05-22 08:16:37,25.10304,121.48297,延平北路八段133巷42號(對面),Shilin Dist,YouBike2.0_Ln. 133， Sec. 8， Yanping N. Rd Intersection,No. 67， Ln. 133， Sec. 8， Yanping N. Rd Intersection. (Opposite),12,1,2022-05-22 08:30:20,2022-05-22 08:30:51,2022-05-22 08:16:37,2022-05-22
500104067,YouBike2.0_坤天亭,14,6,士林區,2022-05-22 04:11:37,25.1064,121.4836,延平北路八段96巷15號(前),Shilin Dist,YouBike2.0_Kuntian Temple,No. 15， Ln. 96， Sec. 8， Yanping N. Rd.,8,1,2022-05-22 08:30:20,2022-05-22 08:30:51,2022-05-22 04:11:37,2022-05-22
500104068,YouBike2.0_社子島濕地解說小築,15,8,士林區,2022-05-22 02:19:37,25.11314,121.48974,社子島濕地解說小築,Shilin Dist,YouBike2.0_Shezidao Wetlands Service Center,Shezidao Wetlands Service Center,7,1,2022-05-22 08:30:20,2022-05-22 08:30:51,2022-05-22 02:19:37,2022-05-22
500104069,YouBike2.0_福安國中,11,2,士林區,2022-05-22 07:17:37,25.10261,121.48819,延平北路七段250號(前),Shilin Dist,YouBike2.0_Fu'an Junior High School,No. 250， Sec. 7， Yanping N. Rd.,9,1,2022-05-22 08:30:20,2022-05-22 08:30:51,2022-05-22 07:17:37,2022-05-22
500104070,YouBike2.0_福安消防分隊,15,11,士林區,2022-05-22 08:24:38,25.09669,121.49706,延平北路七段42之7號(對面),Shilin Dist,YouBike2.0_Taipei City Fire Department of Fuan Station,No. 42-7， Sec. 7， Yanping N. Rd. (Opposite),4,1,2022-05-22 08:30:20,2022-05-22 08:30:51,2022-05-22 08:24:38,2022-05-22
500104071,YouBike2.0_聖山綠地,15,8,士林區,2022-05-22 08:28:12,25.10696,121.53234,忠義街94號(旁),Shilin Dist,YouBike2.0_Shengshan Greens,No. 94， Zhongyi St.,6,1,2022-05-22 08:30:20,2022-05-22 08:30:51,2022-05-22 08:28:12,2022-05-22
500104072,YouBike2.0_芝山國小,14,8,士林區,2022-05-22 08:20:39,25.11044,121.53595,德行東路285號(德行東路283巷側人行道),Shilin Dist,YouBike2.0_Zhishan Elementary School,No. 285， Dexing E. Rd. (Ln. 283， Dexing E. Rd),6,1,2022-05-22 08:30:20,2022-05-22 08:30:51,2022-05-22 08:20:39,2022-05-22
500104073,YouBike2.0_士林新天地,19,8,士林區,2022-05-22 08:29:11,25.08899,121.51751,大南路325號前方,Shilin Dist,YouBike2.0_Shilin New Village,No.325， Danan Rd.,11,1,2022-05-22 08:30:20,2022-05-22 08:30:51,2022-05-22 08:29:11,2022-05-22
500104074,YouBike2.0_蘭雅國小,11,5,士林區,2022-05-22 08:10:19,25.10775,121.52312,礦溪街與中山北路六段195巷口,Shilin Dist,YouBike2.0_Lanya Elementary School,Huangsi St. & Ln. 195， Sec. 6， Jhongshan N. Rd. Intersection,6,1,2022-05-22 08:30:20,2022-05-22 08:30:51,2022-05-22 08:10:19,2022-05-22
500104075,YouBike2.0_中正基河路口,28,8,士林區,2022-05-22 08:20:39,25.0933,121.51962,中正路420號前,Shilin Dist,YouBike2.0_Jhongjheng Rd. & Jihe Rd. Intersection,No. 420， Jhongjheng Rd.,20,1,2022-05-22 08:30:20,2022-05-22 08:30:51,2022-05-22 08:20:39,2022-05-22
500104076,YouBike2.0_福林公園(中正路),27,14,士林區,2022-05-22 08:03:11,25.09609,121.53006,中正路/志成街口(南側),Shilin Dist,YouBike2.0_Fulin Park (Jhongjheng Rd.),Jhongjheng Rd. & Jhihcheng St. Intersection (South),13,1,2022-05-22 08:30:20,2022-05-22 08:30:51,2022-05-22 08:03:11,2022-05-22
500104077,YouBike2.0_至善臨溪路口,22,5,士林區,2022-05-22 06:23:10,25.09709,121.54229,至善路一段/臨溪路(西南側),Shilin Dist,YouBike2.0_Jhihshan Rd. & Linsi Rd. Intersection,Sec. 1， Jhihshan Rd. & Linsi Rd. Intersection (Southwest),17,1,2022-05-22 08:30:20,2022-05-22 08:30:51,2022-05-22 06:23:10,2022-05-22
500104078,YouBike2.0_市立圖書館葫蘆堵分館,10,5,士林區,2022-05-22 08:04:11,25.08217,121.51074,延平北路五段136巷1號前,Shilin Dist,YouBike2.0_Taipei Public Library Huludu Branch,No. 1， Ln. 136， Sec. 5， Yanping N. Rd.,5,1,2022-05-22 08:30:20,2022-05-22 08:30:51,2022-05-22 08:04:11,2022-05-22
500104079,YouBike2.0_東山路110巷口,16,4,士林區,2022-05-22 08:11:12,25.11306,121.53945,東山路114號對側,Shilin Dist,YouBike2.0_Ln. 110， Dongshan Rd.,No. 114， Dongshan Rd. (Opposite),10,1,2022-05-22 08:30:20,2022-05-22 08:30:51,2022-05-22 08:11:12,2022-05-22
500104080,YouBike2.0_永平社會住宅,15,7,士林區,2022-05-22 08:26:12,25.08887,121.50314,環河北路三段261巷2號,Shilin Dist,YouBike2.0_Yongping Social Housing,No. 2， Ln. 261， Sec. 3， Huanhe N. Rd.,8,1,2022-05-22 08:30:20,2022-05-22 08:30:51,2022-05-22 08:26:12,2022-05-22
500104081,YouBike2.0_雨農橋,16,5,士林區,2022-05-22 08:23:12,25.10012,121.53253,福志路14巷42號(對面),Shilin Dist,YouBike2.0_Yunong Bridge,No. 42， Ln. 14， Fuzhi Rd. (Opposite),11,1,2022-05-22 08:30:20,2022-05-22 08:30:51,2022-05-22 08:23:12,2022-05-22
500104082,YouBike2.0_通河街76巷/承德路四段10巷口,14,5,士林區,2022-05-22 08:24:38,25.08019,121.5202,承德路四段10巷37號(旁),Shilin Dist,YouBike2.0_Ln. 76， Tonghe St. & Ln. 10， Sec. 4， Chengde Rd. Intersection,No. 37， Ln. 10， Sec. 4， Chengde Rd.,6,1,2022-05-22 08:30:20,2022-05-22 08:30:51,2022-05-22 08:24:38,2022-05-22
500104083,YouBike2.0_芝山聖佑宮,15,8,士林區,2022-05-21 19:45:38,25.10455,121.53025,雨聲街90號旁,Shilin Dist,YouBike2.0_Zhishan Shengyou Temple,No. 90， Yusheng St.,7,1,2022-05-22 08:30:20,2022-05-22 08:30:51,2022-05-21 19:45:38,2022-05-21
500104084,YouBike2.0_至誠雨聲街口,10,5,士林區,2022-05-22 08:20:39,25.10199,121.52927,至誠路二段與雨聲街口東北側,Shilin Dist,YouBike2.0_Zhicheng Rd. & Yusheng St. Intersection,Sec. 2， Zhicheng Rd. & Yusheng St. Intersection (Northeast),5,1,2022-05-22 08:30:20,2022-05-22 08:30:51,2022-05-22 08:20:39,2022-05-22
500104085,YouBike2.0_捷運線型公園(後街),13,3,士林區,2022-05-22 08:26:38,25.09812,121.52449,後街15號旁,Shilin Dist,YouBike2.0_MRT Linear Park (Hou St.),No. 15， Hou St.,10,1,2022-05-22 08:30:20,2022-05-22 08:30:51,2022-05-22 08:26:38,2022-05-22
500104086,YouBike2.0_天母公園,12,5,士林區,2022-05-22 07:42:37,25.12408,121.53003,中山北路七段141巷30號對側,Shilin Dist,YouBike2.0_Tianmu Park,No. 30， Ln. 141， Sec. 7， Zhongshan N. Rd. (Opposite),7,1,2022-05-22 08:30:20,2022-05-22 08:30:51,2022-05-22 07:42:37,2022-05-22
500104087,YouBike2.0_基河文林路口,16,6,士林區,2022-05-22 08:24:38,25.08637,121.5247,基河路3-1號對側人行道,Shilin Dist,YouBike2.0_Jihe Rd. & Wenlin Rd. Intersection,No. 3-1， Jihe Rd. (Opposite),10,1,2022-05-22 08:30:20,2022-05-22 08:30:51,2022-05-22 08:24:38,2022-05-22
500104088,YouBike2.0_文林福華路口,19,14,士林區,2022-05-22 08:28:38,25.10094,121.52243,文林路 / 福華路口(東側),Shilin Dist,YouBike2.0_Wenlin Rd. & Fude Rd. Intersection,Wenlin Rd. & Fude Rd. Intersection (East),5,1,2022-05-22 08:30:20,2022-05-22 08:30:51,2022-05-22 08:28:38,2022-05-22
500104089,YouBike2.0_劍潭海外青年活動中心_1,10,2,士林區,2022-05-22 08:26:12,25.0796,121.5237,通河街 / 通河街2巷(南側),Shilin Dist,YouBike2.0_Chientan Overseas Youth Activity Center_1,Tonghe St. & Ln. 2， Tonghe St.,8,1,2022-05-22 08:30:20,2022-05-22 08:30:51,2022-05-22 08:26:12,2022-05-22
500104090,YouBike2.0_社子國小_1,20,11,士林區,2022-05-22 07:31:37,25.09029,121.50189,延平北路六段/社中街(社子國小對面跨提便道橋下),Shilin Dist,YouBike2.0_SheZi Elementary School,Sec. 6， Yanping N. Rd./Shezhong St. Intersection (South),9,1,2022-05-22 08:30:20,2022-05-22 08:30:51,2022-05-22 07:31:37,2022-05-22
500104091,YouBike2.0_捷運劍潭站(1號出口),70,11,士林區,2022-05-22 08:29:38,25.08577,121.52531,捷運劍潭站(1號出口)北側,Shilin Dist,YouBike2.0_MRT Jianta Sta. (Exit 1),MRT Jianta Sta. (Exit 1) (North),59,1,2022-05-22 08:30:20,2022-05-22 08:30:51,2022-05-22 08:29:38,2022-05-22
500104092,YouBike2.0_德行東山路口,12,5,士林區,2022-05-22 06:59:38,25.1107,121.53999,德行東路/東山路(西北側),Shilin Dist,YouBike2.0_Dexing Rd. & Dongshan Rd. Intersection,Dexing E. Rd. & Dongshan Rd. Intersection (Northwest),7,1,2022-05-22 08:30:20,2022-05-22 08:30:51,2022-05-22 06:59:38,2022-05-22
500104094,YouBike2.0_重慶北通河西街口,12,4,士林區,2022-05-22 06:52:37,25.08756,121.51177,重慶北路四段276號(前),Shilin Dist,YouBike2.0_Chongqing N. Rd. & Tonghe W. St. Intersection,No. 276， Sec. 4， Chongqing N. Rd.,8,1,2022-05-22 08:30:20,2022-05-22 08:30:51,2022-05-22 06:52:37,2022-05-22
500104095,YouBike2.0_葫蘆國小(延平北路五段285巷),15,5,士林區,2022-05-22 07:47:11,25.08406,121.5067,環河北路三段/延平北路五段285巷,Shilin Dist,YouBike2.0_Hulu Elementary School (Ln. 285， Sec. 5， Yanping N. Rd.),Sec. 3， Huanhe N. Rd. & Ln. 285， Sec. 5， Yanping N. Rd. Intersection,10,1,2022-05-22 08:30:20,2022-05-22 08:30:51,2022-05-22 07:47:11,2022-05-22
500104096,YouBike2.0_社子市場,11,4,士林區,2022-05-22 03:38:10,25.0881,121.50873,延平北路六段67號旁,Shilin Dist,YouBike2.0_Shezi Market,No. 67， Sec. 6， Yanping N. Rd.,7,1,2022-05-22 08:30:20,2022-05-22 08:30:51,2022-05-22 03:38:10,2022-05-22
500104097,YouBike2.0_士林區農會社子分部,8,1,士林區,2022-05-22 07:18:07,25.08912,121.5049,社子街162號旁,Shilin Dist,YouBike2.0_Shilin District Farmers' Association (Shezi St.),No. 162， Shezi St.,7,1,2022-05-22 08:30:20,2022-05-22 08:30:51,2022-05-22 07:18:07,2022-05-22
500104098,YouBike2.0_承德劍潭路口,20,10,士林區,2022-05-22 08:21:12,25.0841,121.52341,承德路四段與劍潭路口西側,Shilin Dist,YouBike2.0_Chengde Rd. & Jiantan Rd. Intersection,Sec. 4， Chengde Rd. & Jiantan Rd. Intersection (West),10,1,2022-05-22 08:30:20,2022-05-22 08:30:51,2022-05-22 08:21:12,2022-05-22
500104099,YouBike2.0_文林路101巷口,12,5,士林區,2022-05-22 01:38:04,25.08761,121.52608,文林路100號前,Shilin Dist,YouBike2.0_Ln. 101， Wenlin Rd.,No. 100， Wenlin Rd.,7,1,2022-05-22 08:30:20,2022-05-22 08:30:51,2022-05-22 01:38:04,2022-05-22
500104100,YouBike2.0_延平北路五段257巷15弄口,13,6,士林區,2022-05-22 07:16:38,25.08408,121.50959,葫蘆街184號對側,Shilin Dist,YouBike2.0_Aly. 15， Ln. 257， Sec. 5， Yanping N. Rd.,No. 184， Hulu St.,7,1,2022-05-22 08:30:20,2022-05-22 08:30:51,2022-05-22 07:16:38,2022-05-22
500104102,YouBike2.0_啟明學校,16,11,士林區,2022-05-22 08:27:37,25.11742,121.53472,忠誠路二段200號(新光三越天母店)對側,Shilin Dist,YouBike2.0_Taipei School For The Visually Impaired,No. 200， Sec. 2， Zhongcheng Rd. (Opposite),5,1,2022-05-22 08:30:20,2022-05-22 08:30:51,2022-05-22 08:27:37,2022-05-22
500105001,YouBike2.0_台北花木批發市場,15,10,文山區,2022-05-22 08:29:11,25.00402,121.54074,萬盛街/興隆路一段(西北側),Wenshan Dist,YouBike2.0_Taipei Pot Plant Market,Wancheng St. & Sec. 1， Xinrong Rd. (Northwest),5,1,2022-05-22 08:30:20,2022-05-22 08:30:51,2022-05-22 08:29:11,2022-05-22
500105002,YouBike2.0_捷運萬隆站(4號出口),21,12,文山區,2022-05-22 08:29:11,25.0027,121.53861,羅斯福路5段210號(前),Wenshan Dist,YouBike2.0_MRT Wanlong Sta. (Exit 4),No. 210， Sec. 5， Roosevelt Rd.,8,1,2022-05-22 08:30:20,2022-05-22 08:30:51,2022-05-22 08:29:11,2022-05-22
500105003,YouBike2.0_捷運萬隆站(1號出口),26,6,文山區,2022-05-22 08:26:12,25.00115,121.53916,羅斯福路五段250號(前),Wenshan Dist,YouBike2.0_MRT Wanlong Sta. (Exit 1),No. 250， Sec. 5， Roosevelt Rd.,20,1,2022-05-22 08:30:20,2022-05-22 08:30:51,2022-05-22 08:26:12,2022-05-22
500105004,YouBike2.0_萬和二號公園,18,5,文山區,2022-05-22 08:16:12,25.00154,121.5364,萬隆街255號(對面),Wenshan Dist,YouBike2.0_Wanhe 2nd Park,No. 255， Wanlong St.,11,1,2022-05-22 08:30:20,2022-05-22 08:30:51,2022-05-22 08:16:12,2022-05-22
500105005,YouBike2.0_捷運萬隆站(2號出口),12,0,文山區,2022-05-22 08:24:04,25.00144,121.53983,興隆路一段70巷/羅斯福路5段211巷26弄口,Wenshan Dist,YouBike2.0_MRT Wanlong Sta. (Exit 2),Ln. 70， Sec. 1， Xinrong Rd. & Aly. 26， Ln. 211， Sec. 5， Roosevelt Rd.,12,1,2022-05-22 08:30:20,2022-05-22 08:30:51,2022-05-22 08:24:04,2022-05-22
500105006,YouBike2.0_景仁公園,16,1,文山區,2022-05-22 08:24:38,24.99621,121.54043,羅斯福路六段142巷1號(旁),Wenshan Dist,YouBike2.0_Jingren Park,No. 1， Ln. 142， Sec. 6， Roosevelt Rd.,15,1,2022-05-22 08:30:20,2022-05-22 08:30:51,2022-05-22 08:24:38,2022-05-22
500105007,YouBike2.0_捷運景美站(2號出口),31,11,文山區,2022-05-22 08:16:12,24.99366,121.54124,景文街1號(對面),Wenshan Dist,YouBike2.0_MRT Jingmei Sta. (Exit 2),No. 1， Jingwen St. (Opposite),19,1,2022-05-22 08:30:20,2022-05-22 08:30:51,2022-05-22 08:16:12,2022-05-22
500105008,YouBike2.0_羅斯福景隆街口,20,2,文山區,2022-05-22 08:13:11,24.99898,121.5403,羅斯福路六段/景隆街口(東南側),Wenshan Dist,YouBike2.0_Roosevelt Jinglong St. Intersection,Sec. 6， Roosevelt Rd. & Jinglong St. Intersection (Southeast),18,1,2022-05-22 08:30:20,2022-05-22 08:30:51,2022-05-22 08:13:11,2022-05-22
500105009,YouBike2.0_景福街/羅斯福路6段142巷口,28,0,文山區,2022-05-03 16:31:16,24.99812,121.53663,景福街/羅斯福路6段142巷口,Wenshan Dist,YouBike2.0_Jingfu St & Ln. 142， Sec. 6， Roosevelt Rd Intersection,Jingfu St & Ln. 142， Sec. 6， Roosevelt Rd Intersection.,28,0,2022-05-22 08:30:20,2022-05-22 08:30:51,2022-05-03 16:31:16,2022-05-03
500105010,YouBike2.0_興旺公園,30,1,文山區,2022-05-22 08:01:12,25.00587,121.55012,福興路106巷28弄96號(對面),Wenshan Dist,YouBike2.0_Xingwang Park,No. 96， Aly. 28， Ln. 106， Fuxing Rd. (Opposite),29,1,2022-05-22 08:30:20,2022-05-22 08:30:51,2022-05-22 08:01:12,2022-05-22
500105011,YouBike2.0_興福國中,25,10,文山區,2022-05-22 08:29:11,25.00465,121.54916,福興路95巷/福興路63巷4弄口,Wenshan Dist,YouBike2.0_Xing Fu Junior High School,Ln. 95， Fuxing Rd & Aly. 28， Ln. 63， Fuxing Rd. (Opposite),13,1,2022-05-22 08:30:20,2022-05-22 08:30:51,2022-05-22 08:29:11,2022-05-22
500105012,YouBike2.0_興隆路2段203巷,35,20,文山區,2022-05-22 08:20:39,25.00346,121.54709,興隆路2段203巷108號(對面),Wenshan Dist,YouBike2.0_Ln. 203， Sec. 2， Xinglong Rd,No. 108， Ln. 203， Sec. 2， Xinglong Rd (Opposite),13,1,2022-05-22 08:30:20,2022-05-22 08:30:51,2022-05-22 08:20:39,2022-05-22
500105013,YouBike2.0_景美運動公園,11,8,文山區,2022-05-22 08:08:04,25.00219,121.54454,景豐街79號(旁公園),Wenshan Dist,YouBike2.0_Jingmei Sports Park,No. 79， Jingfeng St. (Side),3,1,2022-05-22 08:30:20,2022-05-22 08:30:51,2022-05-22 08:08:04,2022-05-22
500105014,YouBike2.0_景美醫院,18,7,文山區,2022-05-22 08:21:12,24.99136,121.54008,羅斯福路六段280號(前),Wenshan Dist,YouBike2.0_Jing Mei Hospital,No. 280， Sec. 6， Roosevelt Rd.,11,1,2022-05-22 08:30:20,2022-05-22 08:30:51,2022-05-22 08:21:12,2022-05-22
500105015,YouBike2.0_師範大學公館校區,14,14,文山區,2022-05-22 08:29:04,25.00792,121.53731,汀州路四段77號(旁),Wenshan Dist,YouBike2.0_National Taiwan Normal University Gongguan Campus,No. 77， Sec. 4， Tingzhou Rd.,0,1,2022-05-22 08:30:20,2022-05-22 08:30:51,2022-05-22 08:29:04,2022-05-22
500105016,YouBike2.0_景華街128巷口,14,10,文山區,2022-05-22 08:26:38,24.99543,121.54725,景華街124號(旁汽車格),Wenshan Dist,YouBike2.0_Ln 128， Jinghua St.,No. 124， Jinghua St.,4,1,2022-05-22 08:30:20,2022-05-22 08:30:51,2022-05-22 08:26:38,2022-05-22
500105017,YouBike2.0_仙跡岩登山口(景興路),22,14,文山區,2022-05-22 08:13:11,24.99118,121.5436,景興街239號(前),Wenshan Dist,YouBike2.0_Xianjiyan Trailhead (Jingxing Rd.),No. 239， Jingxing Rd.,8,1,2022-05-22 08:30:20,2022-05-22 08:30:51,2022-05-22 08:13:11,2022-05-22
500105018,YouBike2.0_國立政治大學,35,12,文山區,2022-05-22 08:27:11,24.98737,121.57726,指南路二段153號(對面),Wenshan Dist,YouBike2.0_National Chengchi University,No. 153， Sec. 2， Zhinan Rd. (Opposite),22,1,2022-05-22 08:30:20,2022-05-22 08:30:51,2022-05-22 08:27:11,2022-05-22
500105019,YouBike2.0_捷運動物園站,18,9,文山區,2022-05-22 08:18:38,24.99873,121.57985,新光路二段30號(對面),Wenshan Dist,YouBike2.0_MRT Taipei Zoo Sta.,No. 30， Sec. 2， Xinguang Rd. (Opposite),9,1,2022-05-22 08:30:20,2022-05-22 08:30:51,2022-05-22 08:18:38,2022-05-22
500105020,YouBike2.0_捷運木柵站,19,12,文山區,2022-05-22 08:23:12,24.99798,121.57455,木柵路四段82巷18號前(捷運橋樑下),Wenshan Dist,YouBike2.0_MRT Muzha Sta.,No. 18， Ln. 82， Sec. 4， Muzha Rd. (Under The MRT Bridge),7,1,2022-05-22 08:30:20,2022-05-22 08:30:51,2022-05-22 08:23:12,2022-05-22
500105021,YouBike2.0_捷運萬芳社區站,16,3,文山區,2022-05-22 05:58:10,24.99886,121.56769,萬芳路60號(西側廣場),Wenshan Dist,YouBike2.0_MRT Wanfang Community Sta.,No. 60， Wanfang Rd. (West),13,1,2022-05-22 08:30:20,2022-05-22 08:30:51,2022-05-22 05:58:10,2022-05-22
500105022,YouBike2.0_文山運動中心,20,8,文山區,2022-05-22 08:10:38,24.99676,121.5596,興隆路三段/興隆路三段192巷8弄,Wenshan Dist,YouBike2.0_Wen Shan Sports Center,Sec. 3， Xinglong Rd./Aly. 8， Ln. 192， Sec. 3， Xinglong Rd.,12,1,2022-05-22 08:30:20,2022-05-22 08:30:51,2022-05-22 08:10:38,2022-05-22
500105023,YouBike2.0_捷運辛亥站,29,7,文山區,2022-05-22 08:17:37,25.00467,121.55684,辛亥路四段114號(旁人行道),Wenshan Dist,YouBike2.0_MRT Xinhai Sta.,No. 114， Sec. 4， Xinhai Rd.,22,1,2022-05-22 08:30:20,2022-05-22 08:30:51,2022-05-22 08:17:37,2022-05-22
500105024,YouBike2.0_興豐公園,16,11,文山區,2022-05-22 08:11:04,24.99982,121.54761,興隆路二段123巷/興隆路二段(西北側),Wenshan Dist,YouBike2.0_Xingfeng Park,Ln. 123， Sec. 2， Xinglong Rd./Sec. 2， Xinglong Rd. (Northwest),5,1,2022-05-22 08:30:20,2022-05-22 08:30:51,2022-05-22 08:11:04,2022-05-22
500105025,YouBike2.0_木柵光輝路口,19,5,文山區,2022-05-22 08:18:38,24.98816,121.55528,木柵路一段290號(旁),Wenshan Dist,YouBike2.0_Muzha Rd. & Guanghui Rd. Intersection,No. 290， Sec. 1， Muzha Rd.,14,1,2022-05-22 08:30:20,2022-05-22 08:30:51,2022-05-22 08:18:38,2022-05-22
500105026,YouBike2.0_考試院,14,11,文山區,2022-05-22 08:26:12,24.98747,121.54984,試院路(雙號)/木柵路一段(東北側),Wenshan Dist,YouBike2.0_Examination Yuan,Shiyuan Rd.(Double number)/ Sec. 1， Muzha Rd. (Northeast),3,1,2022-05-22 08:30:20,2022-05-22 08:30:51,2022-05-22 08:26:12,2022-05-22
500105027,YouBike2.0_和興路26巷口,15,8,文山區,2022-05-22 08:01:12,24.98573,121.54532,和興路44巷 / 和興路26巷口,Wenshan Dist,YouBike2.0_No. 26， Hexing St. Intersection,No. 44， Hexing St./No. 26， Hexing St. Intersection,7,1,2022-05-22 08:30:20,2022-05-22 08:30:51,2022-05-22 08:01:12,2022-05-22
500105028,YouBike2.0_世新大學,16,12,文山區,2022-05-22 08:28:12,24.98859,121.54336,木柵路一段17巷1號(西側),Wenshan Dist,YouBike2.0_Shih Hsin University,No. 1， Ln. 17， Sec. 1， Muzha Rd. (West),4,1,2022-05-22 08:30:20,2022-05-22 08:30:51,2022-05-22 08:28:12,2022-05-22
500105029,YouBike2.0_一壽橋,12,5,文山區,2022-05-22 07:59:10,24.97837,121.55548,樟新街64號前方,Wenshan Dist,YouBike2.0_Yishou Bridge,No. 64， Zhangxin St.,7,1,2022-05-22 08:30:20,2022-05-22 08:30:51,2022-05-22 07:59:10,2022-05-22
500105030,YouBike2.0_臺北市立景美女中,13,9,文山區,2022-05-22 08:09:38,24.98058,121.55624,木新路三段/一壽街(西北側),Wenshan Dist,YouBike2.0_Jingmei Girls High School,Sec. 3， Muxin Rd./Yishou St. (Northwest),4,1,2022-05-22 08:30:20,2022-05-22 08:30:51,2022-05-22 08:09:38,2022-05-22
500105031,YouBike2.0_永安藝文館-表演36房,15,10,文山區,2022-05-22 08:24:11,24.98414,121.56907,木新路二段156號前人行道(永安市場),Wenshan Dist,YouBike2.0_Performing Arts School 36,No. 156， Sec. 2， Muxin Rd. (Yongan Market),5,1,2022-05-22 08:30:20,2022-05-22 08:30:51,2022-05-22 08:24:11,2022-05-22
500105032,YouBike2.0_忠順區民活動中心,10,2,文山區,2022-05-22 08:04:11,24.98471,121.56332,忠順街二段22號前方人行道(忠順區民活動中心),Wenshan Dist,YouBike2.0_Zhongshun Community Center,No. 22， Sec. 2， Zhongshun St.,8,1,2022-05-22 08:30:20,2022-05-22 08:30:51,2022-05-22 08:04:11,2022-05-22
500105033,YouBike2.0_景文中學,36,5,文山區,2022-05-22 08:25:38,24.98574,121.56745,保儀路/木柵路三段102巷口(西南側),Wenshan Dist,YouBike2.0_Jingwen Bilingual High School,Baoyi Rd./Ln. 102， Sec. 3， Muxin Rd. Intersection (Southwest),31,1,2022-05-22 08:30:20,2022-05-22 08:30:51,2022-05-22 08:25:38,2022-05-22
500105034,YouBike2.0_老泉街籃球場,14,1,文山區,2022-05-22 07:27:10,24.97619,121.5583,老泉街26巷老泉街口(籃球場前),Wenshan Dist,YouBike2.0_Laoquan St. Basketball Court,Ln. 26， Laoquan St. Intersection,13,1,2022-05-22 08:30:20,2022-05-22 08:30:51,2022-05-22 07:27:10,2022-05-22
500105035,YouBike2.0_文山行政中心,18,7,文山區,2022-05-22 08:24:11,24.98959,121.56959,木柵路三段220號(前),Wenshan Dist,YouBike2.0_Wenshan District Admin. Center,No. 220， Sec. 3， Muzha Rd.,11,1,2022-05-22 08:30:20,2022-05-22 08:30:51,2022-05-22 08:24:11,2022-05-22
500105036,YouBike2.0_木柵公園,25,10,文山區,2022-05-22 07:23:11,24.98718,121.56059,興隆路四段50號(前),Wenshan Dist,YouBike2.0_Muzha Park,No. 50， Sec. 4， Xinglong Rd.,15,1,2022-05-22 08:30:20,2022-05-22 08:30:51,2022-05-22 07:23:11,2022-05-22
500105037,YouBike2.0_興隆公共住宅D2區,19,0,文山區,2022-05-22 08:23:04,24.98814,121.56356,興隆路四段105巷49號(旁),Wenshan Dist,YouBike2.0_Xinglong Public Housing (D2),No. 49， Ln. 105， Sec. 4， Xinglong Rd.,19,1,2022-05-22 08:30:20,2022-05-22 08:30:51,2022-05-22 08:23:04,2022-05-22
500105038,YouBike2.0_木新路3段95巷口,16,10,文山區,2022-05-22 08:28:38,24.98088,121.56313,木新路三段95巷30號(對面),Wenshan Dist,YouBike2.0_Ln. 95， Sec. 3， Muxin Rd. Intersection,No. 30， Ln. 95， Sec. 3， Muxin Rd. (Opposite),6,1,2022-05-22 08:30:20,2022-05-22 08:30:51,2022-05-22 08:28:38,2022-05-22
500105039,YouBike2.0_樟腳里公園,15,2,文山區,2022-05-22 08:27:12,24.98181,121.56567,木新路二段299巷15號(旁),Wenshan Dist,YouBike2.0_Zhangjiaoli Park,No. 15， Ln. 299， Sec. 2， Muxin Rd. (Opposite),13,1,2022-05-22 08:30:20,2022-05-22 08:30:51,2022-05-22 08:27:12,2022-05-22
500105040,YouBike2.0_實踐國中,20,12,文山區,2022-05-22 08:13:11,24.98301,121.55404,忠順街一段2號(旁),Wenshan Dist,YouBike2.0_Shijian Junior High School,No. 2， Sec. 1， Zhongshun St.,8,1,2022-05-22 08:30:20,2022-05-22 08:30:51,2022-05-22 08:13:11,2022-05-22
500105041,YouBike2.0_指南路3段2巷,13,6,文山區,2022-05-22 08:17:37,24.98537,121.57959,指南路三段4號(旁),Wenshan Dist,YouBike2.0_Ln. 2， Sec. 3， Zhinan Rd.,No. 4， Sec. 3， Zhinan Rd.,7,1,2022-05-22 08:30:20,2022-05-22 08:30:51,2022-05-22 08:17:37,2022-05-22
500105042,YouBike2.0_萊茵公園,14,1,文山區,2022-05-22 06:35:11,24.98642,121.56514,忠順街二段87巷25弄29號,Wenshan Dist,YouBike2.0_Laiyin Park,No. 29， Aly. 25， Ln. 87， Sec. 2， Zhongshun St.,13,1,2022-05-22 08:30:20,2022-05-22 08:30:51,2022-05-22 06:35:11,2022-05-22
500105043,YouBike2.0_木柵社會住宅,12,9,文山區,2022-05-22 04:17:38,24.98935,121.56651,久康街24巷46號對側,Wenshan Dist,YouBike2.0_Muzha Social Housing,No. 46， Ln. 24， Jiukang St. (Opposite),3,1,2022-05-22 08:30:20,2022-05-22 08:30:51,2022-05-22 04:17:38,2022-05-22
500105044,YouBike2.0_秀明路一段185巷口,20,6,文山區,2022-05-22 07:18:07,24.99151,121.56836,秀明路一段與秀明路一段185巷口,Wenshan Dist,YouBike2.0_Ln. 185， Sec. 1， Xiuming Rd. Intersection,Sec. 1， Xiuming Rd. & Ln. 185， Sec. 1， Xiuming Rd. Intersection,14,1,2022-05-22 08:30:20,2022-05-22 08:30:51,2022-05-22 07:18:07,2022-05-22
500105045,YouBike2.0_秀明路一段129巷口,22,4,文山區,2022-05-22 07:22:37,24.99111,121.56703,秀明路一段129巷與秀明路一段路口,Wenshan Dist,YouBike2.0_Ln. 129， Sec. 1， Xiuming Rd. Intersection,Ln. 129， Sec. 1， Xiuming Rd. & Sec. 1， Xiuming Rd. Intersection,18,1,2022-05-22 08:30:20,2022-05-22 08:30:51,2022-05-22 07:22:37,2022-05-22
500105046,YouBike2.0_恆光橋(老泉街),13,1,文山區,2022-05-22 06:55:16,24.97989,121.56753,老泉街/恆光街口,Wenshan Dist,YouBike2.0_Hengguang Bridge (Laoquan St.),Laoquan St. & Hengguang St. Intersection,12,1,2022-05-22 08:30:20,2022-05-22 08:30:51,2022-05-22 06:55:16,2022-05-22
500105047,YouBike2.0_萬有3號公園,14,12,文山區,2022-05-22 07:29:10,24.99889,121.5433,景隆街105號(對面),Wenshan Dist,YouBike2.0_Wan You NO.3 Park,No. 105， Jinglong St. (Opposite),2,1,2022-05-22 08:30:20,2022-05-22 08:30:51,2022-05-22 07:29:10,2022-05-22
500105048,YouBike2.0_捷運萬芳醫院站(興隆路三段115巷),20,9,文山區,2022-05-22 08:19:38,24.99939,121.55848,興隆路三段115巷2號,Wenshan Dist,YouBike2.0_MRT Wanfang Hospital Sta. (Ln. 115， Sec. 3， Xinglong Rd.),No. 2， Ln. 115， Sec. 3， Xinglong Rd.,11,1,2022-05-22 08:30:20,2022-05-22 08:30:51,2022-05-22 08:19:38,2022-05-22
500105049,YouBike2.0_興得閱覽室,24,10,文山區,2022-05-21 22:38:10,24.99579,121.55498,興隆路三段304巷145號,Wenshan Dist,YouBike2.0_Xingde Reading Room,No. 145， Ln. 304， Sec. 3， Xinglong Rd.,14,1,2022-05-22 08:30:20,2022-05-22 08:30:51,2022-05-21 22:38:10,2022-05-21
500105050,YouBike2.0_辛亥生態公園,18,11,文山區,2022-05-22 07:56:10,25.00348,121.55642,辛亥路四段199號,Wenshan Dist,YouBike2.0_Xinhai Ecological Park,No. 199， Sec. 4， Xinhai Rd.,7,1,2022-05-22 08:30:20,2022-05-22 08:30:51,2022-05-22 07:56:10,2022-05-22
500105051,YouBike2.0_博嘉運動公園,12,0,文山區,2022-05-22 08:15:05,25.00079,121.57534,木柵路四段159巷16號,Wenshan Dist,YouBike2.0_Bo Jia Sports Park,No. 16， Ln. 159， Sec. 4， Muzha Rd.,12,1,2022-05-22 08:30:20,2022-05-22 08:30:51,2022-05-22 08:15:05,2022-05-22
500105052,YouBike2.0_國立政治大學(萬壽路),56,30,文山區,2022-05-22 08:27:37,24.98841,121.57649,萬壽路16巷6號(前),Wenshan Dist,YouBike2.0_National Chengchi University (Wanshou Rd.),No.6， Ln. 16， Wanshou Rd.,26,1,2022-05-22 08:30:20,2022-05-22 08:30:51,2022-05-22 08:27:37,2022-05-22
500105054,YouBike2.0_政大一街口,14,0,文山區,2022-05-22 05:52:04,24.98543,121.58006,政大一街19號對側,Wenshan Dist,YouBike2.0_Zhengda 1st St.,No. 19， Zhengda 1st St. (Opposite),14,1,2022-05-22 08:30:20,2022-05-22 08:30:51,2022-05-22 05:52:04,2022-05-22
500105055,YouBike2.0_文山第二行政中心,30,16,文山區,2022-05-22 08:16:37,25.00115,121.55142,興隆路二段160-1號前,Wenshan Dist,YouBike2.0_Wenshan 2nd District Office,No. 160-1， Sec. 2， Xinglong Rd.,14,1,2022-05-22 08:30:20,2022-05-22 08:30:51,2022-05-22 08:16:37,2022-05-22
500105056,YouBike2.0_移民署訓練中心,13,4,文山區,2022-05-22 08:25:38,24.99271,121.55865,興隆路三段306號,Wenshan Dist,YouBike2.0_National Immigration Agency Training Center,No. 306， Sec. 3， Xinglong Rd.,9,1,2022-05-22 08:30:20,2022-05-22 08:30:51,2022-05-22 08:25:38,2022-05-22
500105058,YouBike2.0_明道國小東南側,18,2,文山區,2022-05-21 21:28:12,24.98695,121.56456,興隆路四段109巷116號對側,Wenshan Dist,YouBike2.0_Ming Dao Elementary School (Southeast),No. 116， Ln. 109， Sec. 4， Muzha Rd.,16,1,2022-05-22 08:30:20,2022-05-22 08:30:51,2022-05-21 21:28:12,2022-05-21
500105059,YouBike2.0_木南公園,12,7,文山區,2022-05-22 06:52:37,24.98662,121.57071,木新路二段永安街22巷口,Wenshan Dist,YouBike2.0_Mu Nan Park,Sec. 2， Muxin Rd. & Ln. 22， Yong'an St. Intersection,5,1,2022-05-22 08:30:20,2022-05-22 08:30:51,2022-05-22 06:52:37,2022-05-22
500105060,YouBike2.0_實踐國中(木新路三段310巷口),17,6,文山區,2022-05-22 07:04:37,24.98339,121.55645,忠順街一段木新路三段310巷口,Wenshan Dist,YouBike2.0_Shijian Junior High School (Ln. 310， Sec. 3， Muxin Rd.),Sec. 1， Zhongshun St. & Ln. 310， Sec. 3， Muxin Rd. Intersection,11,1,2022-05-22 08:30:20,2022-05-22 08:30:51,2022-05-22 07:04:37,2022-05-22
500105061,YouBike2.0_師範大學公館校區_1,21,8,文山區,2022-05-22 08:28:12,25.00753,121.53719,師大公館校區校門口(汀州路側),Wenshan Dist,YouBike2.0_National Taiwan Normal University Gongguan Campus_1,National Taiwan Normal University Gongguan Campus (Tingzhou Rd.),13,1,2022-05-22 08:30:20,2022-05-22 08:30:51,2022-05-22 08:28:12,2022-05-22
500105062,YouBike2.0_捷運動物園站(2號出口),25,14,文山區,2022-05-22 08:28:12,24.99766,121.57875,新光路二段28號前,Wenshan Dist,YouBike2.0_MRT Taipei Zoo Sta. (Exit 2),No. 28， Sec. 2， Xinguang Rd.,11,1,2022-05-22 08:30:20,2022-05-22 08:30:51,2022-05-22 08:28:12,2022-05-22
500105064,YouBike2.0_敦南山林,14,3,文山區,2022-05-22 08:21:12,25.00264,121.5768,木柵路四段159巷16弄(社區出入口對側),Wenshan Dist,YouBike2.0_Dunnan Forest,Aly. 16， Ln. 159， Sec. 4， Muzha Rd.,11,1,2022-05-22 08:30:20,2022-05-22 08:30:51,2022-05-22 08:21:12,2022-05-22
500105065,YouBike2.0_辛亥路五段73巷口,13,1,文山區,2022-05-22 08:05:11,24.99811,121.55307,辛亥路五段75-1號前人行道,Wenshan Dist,YouBike2.0_Ln. 73， Sec. 5， Xinhai Rd.,No. 75-1， Sec. 5， Xinhai Rd.,12,1,2022-05-22 08:30:20,2022-05-22 08:30:51,2022-05-22 08:05:11,2022-05-22
500105066,YouBike2.0_景美污水抽水站,10,4,文山區,2022-05-22 08:26:12,25.01076,121.53637,汀州路四段10號北側人行道,Wenshan Dist,YouBike2.0_Jingmei Pumping Station,No. 10， Sec. 4， Tingzhou Rd. (North),6,1,2022-05-22 08:30:20,2022-05-22 08:30:51,2022-05-22 08:26:12,2022-05-22
500106001,YouBike2.0_臺北自來水事業處,20,3,中正區,2022-05-22 07:43:11,25.013741,121.53068,思源街1號東側,Zhongzheng Dist,YouBike2.0_Taipei Water Department,No.1， Siyuan St. (East),17,1,2022-05-22 08:30:20,2022-05-22 08:30:51,2022-05-22 07:43:11,2022-05-22
500106002,YouBike2.0_汀州思源街口東南側,20,14,中正區,2022-05-22 08:29:38,25.014697,121.531908,汀州路三段思源街口東南側,Zhongzheng Dist,YouBike2.0_Tingzhou Rd. / Siyuan St. intersection (Southeast),Sec. 3， Tingzhou Rd./ Siyuan St. intersection (Southeast),6,1,2022-05-22 08:30:20,2022-05-22 08:30:51,2022-05-22 08:29:38,2022-05-22
500106003,YouBike2.0_捷運公館站(1號出口),12,1,中正區,2022-05-22 07:53:38,25.014529,121.534374,羅斯福路四段68號,Zhongzheng Dist,YouBike2.0_MRT Gongguan Sta. (Exit 1),No.68， Sec. 4， Roosevelt Rd.,11,1,2022-05-22 08:30:20,2022-05-22 08:30:51,2022-05-22 07:53:38,2022-05-22
500106004,YouBike2.0_捷運公館站(4號出口),12,6,中正區,2022-05-22 08:15:13,25.015069,121.533828,羅斯福路四段48號,Zhongzheng Dist,YouBike2.0_MRT Gongguan Sta. (Exit 4),No.48， Sec. 4， Roosevelt Rd.,6,1,2022-05-22 08:30:20,2022-05-22 08:30:51,2022-05-22 08:15:13,2022-05-22
500106005,YouBike2.0_捷運古亭站(9號出口),20,5,中正區,2022-05-22 08:20:39,25.02694,121.52224,羅斯福路二段100號(前方),Zhongzheng Dist,YouBike2.0_MRT Guting Sta. (Exit 9),No. 100， Sec. 2， Roosevelt Rd,15,1,2022-05-22 08:30:20,2022-05-22 08:30:51,2022-05-22 08:20:39,2022-05-22
500106006,YouBike2.0_捷運古亭站(2號出口),41,9,中正區,2022-05-22 08:20:39,25.0255,121.52346,羅斯福路二段168號前,Zhongzheng Dist,YouBike2.0_MRT Guting Sta. (Exit 2),No. 168， Sec. 2， Roosevelt Rd,32,1,2022-05-22 08:30:20,2022-05-22 08:30:51,2022-05-22 08:20:39,2022-05-22
500106007,YouBike2.0_捷運臺電大樓站(1號出口),34,18,中正區,2022-05-22 08:20:39,25.0197,121.529,辛亥路一段/羅斯福路三段南側,Zhongzheng Dist,YouBike2.0_MRT Taipower Building Sta. (Exit 1),Sec. 1， Xinhai Rd & Sec. 3， Roosevelt Rd (South),16,1,2022-05-22 08:30:20,2022-05-22 08:30:51,2022-05-22 08:20:39,2022-05-22
500106008,YouBike2.0_客家文化主題公園,15,12,中正區,2022-05-21 22:20:03,25.02069,121.52456,師大路/金門街11巷口對側人行道,Zhongzheng Dist,YouBike2.0_Hakka Cultural Park,Shida Rd & Ln. 11， Jinmen St (Opposite),2,1,2022-05-22 08:30:20,2022-05-22 08:30:51,2022-05-21 22:20:03,2022-05-21
500106009,YouBike2.0_河堤國小,15,11,中正區,2022-05-22 08:16:12,25.02277,121.52289,汀洲路二段182巷內186號旁,Zhongzheng Dist,YouBike2.0_Taipei Municipal Heti Elementary School,No. 186， Ln. 182， Sec. 2， Tingzhou Rd,4,1,2022-05-22 08:30:20,2022-05-22 08:30:51,2022-05-22 08:16:12,2022-05-22
500106010,YouBike2.0_紀州庵,15,0,中正區,2022-05-03 16:19:15,25.02092,121.52049,水源路/同安街口(東側),Zhongzheng Dist,YouBike2.0_Jizhouan Heritage Building,Shuiyuan Rd & Tong'an St Intersection (East),15,0,2022-05-22 08:30:20,2022-05-22 08:30:51,2022-05-03 16:19:15,2022-05-03
500106011,YouBike2.0_捷運臺電大樓站(5號出口),14,9,中正區,2022-05-22 08:01:12,25.02075,121.52771,羅斯福路三段126號前,Zhongzheng Dist,YouBike2.0_MRT Taipower Building Sta. (Exit 5),No. 126， Sec. 3， Roosevelt Rd,5,1,2022-05-22 08:30:20,2022-05-22 08:30:51,2022-05-22 08:01:12,2022-05-22
500106012,YouBike2.0_捷運臺電大樓站(4號出口),13,6,中正區,2022-05-22 08:23:38,25.02102,121.52751,師大路/羅斯福路三段西側,Zhongzheng Dist,YouBike2.0_MRT Taipower Building Sta. (Exit 4),Shida Rd & Sec. 3， Roosevelt Rd (West),7,1,2022-05-22 08:30:20,2022-05-22 08:30:51,2022-05-22 08:23:38,2022-05-22
500106013,YouBike2.0_羅斯福三段金門街口,15,4,中正區,2022-05-22 08:26:12,25.02345,121.52498,羅斯福路三段2號前,Zhongzheng Dist,YouBike2.0_Sec. 3， Roosevelt Rd & Jinmen St Intersection,No. 2， Sec. 3， Roosevelt Rd Intersection,11,1,2022-05-22 08:30:20,2022-05-22 08:30:51,2022-05-22 08:26:12,2022-05-22
500106014,YouBike2.0_牯嶺公園,40,17,中正區,2022-05-22 08:29:11,25.02338,121.51889,廈門街113巷/牯嶺街口(西側),Zhongzheng Dist,YouBike2.0_Guling Park,Ln. 113， Xiamen St & Guling St. Intersection (West),23,1,2022-05-22 08:30:20,2022-05-22 08:30:51,2022-05-22 08:29:11,2022-05-22
500106015,YouBike2.0_捷運古亭站(8號出口),15,4,中正區,2022-05-22 08:25:12,25.02701,121.52164,和平西路一段13-1號前方,Zhongzheng Dist,YouBike2.0_MRT Guting Sta. (Exit 8),No. 13-1， Sec. 1， Heping W. Rd.,11,1,2022-05-22 08:30:20,2022-05-22 08:30:51,2022-05-22 08:25:12,2022-05-22
500106016,YouBike2.0_捷運古亭站(7號出口),12,7,中正區,2022-05-22 08:28:38,25.02805,121.52155,羅斯福路二段44號前方,Zhongzheng Dist,YouBike2.0_MRT Guting Sta. (Exit 7),No. 44， Sec. 2， Roosevelt Rd.,5,1,2022-05-22 08:30:20,2022-05-22 08:30:51,2022-05-22 08:28:38,2022-05-22
500106017,YouBike2.0_南昌公園,41,4,中正區,2022-05-22 08:29:11,25.02698,121.52081,和平西路一段與南昌路二段口西北側,Zhongzheng Dist,YouBike2.0_Nanchang Park,Sec. 1， Heping W. Rd. & Sec. 2， Nanchang Rd. Intersection (Northwest),37,1,2022-05-22 08:30:20,2022-05-22 08:30:51,2022-05-22 08:29:11,2022-05-22
500106018,YouBike2.0_和平重慶路口,46,21,中正區,2022-05-22 08:19:38,25.02723,121.51659,和平西路一段/福州街口東側,Zhongzheng Dist,YouBike2.0_Heping & Chongqing Rd. Intersection,Sec. 1， Heping W. Rd. & Fuzhou St. Intersection (East),25,1,2022-05-22 08:30:20,2022-05-22 08:30:51,2022-05-22 08:19:38,2022-05-22
500106019,YouBike2.0_孫立人將軍官邸,23,3,中正區,2022-05-22 08:27:12,25.02933,121.51854,南昌路一段136號前,Zhongzheng Dist,YouBike2.0_Gen.Sun Li-Jen Residence,No. 136， Nanchang Rd.,20,1,2022-05-22 08:30:20,2022-05-22 08:30:51,2022-05-22 08:27:12,2022-05-22
500106020,YouBike2.0_羅斯福路二段6巷口,14,6,中正區,2022-05-22 08:26:12,25.02923,121.52058,羅斯福路二段/羅斯福路二段6巷口,Zhongzheng Dist,YouBike2.0_Ln.6， Sec.2， Roosevelt Rd.,Ln. 6， Sec. 2， Roosevelt Rd. Intersection,8,1,2022-05-22 08:30:20,2022-05-22 08:30:51,2022-05-22 08:26:12,2022-05-22
500106021,YouBike2.0_金華杭州南路口,21,8,中正區,2022-05-22 08:29:38,25.031,121.52211,金華街口/杭州南路二段西北側,Zhongzheng Dist,YouBike2.0_Jinhua & Hangzhou S. Rd. Intersection,Jinhua St. & Sec. 2， Hangzhou S. Rd. Intersection (Northwest)),13,1,2022-05-22 08:30:20,2022-05-22 08:30:51,2022-05-22 08:29:38,2022-05-22
500106022,YouBike2.0_捷運中正紀念堂站(3號出口),18,10,中正區,2022-05-22 08:27:37,25.03239,121.51866,金華街17號前方,Zhongzheng Dist,YouBike2.0_MRT C.K.S. Memorial Hall Sta. (Exit 3),No. 17， Jinhua St.,8,1,2022-05-22 08:30:20,2022-05-22 08:30:51,2022-05-22 08:27:37,2022-05-22
500106023,YouBike2.0_捷運中正紀念堂站(4號出口),21,9,中正區,2022-05-22 08:17:37,25.03376,121.51772,羅斯福路一段5號前方,Zhongzheng Dist,YouBike2.0_MRT C.K.S. Memorial Hall Sta. (Exit 4),No. 5， Sec. 1， Roosevelt Rd.,12,1,2022-05-22 08:30:20,2022-05-22 08:30:51,2022-05-22 08:17:37,2022-05-22
500106024,YouBike2.0_重慶南海路口西南側,16,9,中正區,2022-05-22 08:29:38,25.03124,121.51459,重慶南路二段與南海路口西南側,Zhongzheng Dist,YouBike2.0_Chongqing & Nanhai Rd. Intersection,Sec. 2， Chongqing S. Rd. & Nanhai Rd. Intersection (Southwest),7,1,2022-05-22 08:30:20,2022-05-22 08:30:51,2022-05-22 08:29:38,2022-05-22
500106025,YouBike2.0_螢橋國小,22,15,中正區,2022-05-22 08:16:37,25.02626,121.51402,泉州街32號對面人行道,Zhongzheng Dist,YouBike2.0_Ying-Qiao Elementary School,No. 32， Quanzhou St. (Opposite),7,1,2022-05-22 08:30:20,2022-05-22 08:30:51,2022-05-22 08:16:37,2022-05-22
500106026,YouBike2.0_古亭智慧圖書館,14,2,中正區,2022-05-22 08:09:38,25.02543,121.51052,中華路二段443巷45號前,Zhongzheng Dist,YouBike2.0_Guting Intelligent Library,No. 45， Ln. 443， Sec. 2， Zhonghua Rd,12,1,2022-05-22 08:30:20,2022-05-22 08:30:51,2022-05-22 08:09:38,2022-05-22
500106027,YouBike2.0_永昌公園,15,3,中正區,2022-05-22 08:16:37,25.02643,121.50936,詔安街224號前,Zhongzheng Dist,YouBike2.0_Yongchang Park,No. 224， Zhao'an St.,10,1,2022-05-22 08:30:20,2022-05-22 08:30:51,2022-05-22 08:16:37,2022-05-22
500106028,YouBike2.0_中華路二段409巷口,15,6,中正區,2022-05-22 08:24:11,25.02598,121.50806,中華路二段403號前,Zhongzheng Dist,YouBike2.0_Ln. 409， Sec. 2， Zhonghua Rd,No. 403， Sec. 2， Zhonghua Rd.,9,1,2022-05-22 08:30:20,2022-05-22 08:30:51,2022-05-22 08:24:11,2022-05-22
500106029,YouBike2.0_南機場夜市(中華路二段),41,16,中正區,2022-05-22 08:26:12,25.02886,121.50518,中華路二段305巷至307巷,Zhongzheng Dist,YouBike2.0_Nanjichang Night Market (Sec. 2， Zhonghua Rd),Ln. 305-307， Sec. 2， Zhonghua Rd,25,1,2022-05-22 08:30:20,2022-05-22 08:30:51,2022-05-22 08:26:12,2022-05-22
500106030,YouBike2.0_南海和平路口西南側,19,8,中正區,2022-05-22 08:28:28,25.03024,121.50904,南海路與和平西路二段西南側,Zhongzheng Dist,YouBike2.0_Nanhai Rd & Sec. 2， Heping W. Rd (Southwest),Nanhai Rd & Sec. 2， Heping W. Rd (Southwest),11,1,2022-05-22 08:30:20,2022-05-22 08:30:51,2022-05-22 08:28:28,2022-05-22
500106031,YouBike2.0_莒光和平路口,20,6,中正區,2022-05-21 23:39:10,25.03132,121.50745,莒光路2號前,Zhongzheng Dist,YouBike2.0_Juguang Rd & Sec. 2， Heping W. Rd Intersection,No. 2， Juguang Rd.,14,1,2022-05-22 08:30:20,2022-05-22 08:30:51,2022-05-21 23:39:10,2022-05-21
500106037,YouBike2.0_水源路11-1號旁,19,9,中正區,2022-05-22 07:56:10,25.01602,121.52565,水源路11-1號(旁),Zhongzheng Dist,YouBike2.0_No. 11-1， Shuiyuan Rd,No. 11-1， Shuiyuan Rd.,10,1,2022-05-22 08:30:20,2022-05-22 08:30:51,2022-05-22 07:56:10,2022-05-22
500106038,YouBike2.0_南門國中,21,7,中正區,2022-05-22 08:05:11,25.03543,121.50834,廣州街8巷/廣州街口東南側,Zhongzheng Dist,YouBike2.0_Nan Men Junior High School,Ln. 8， Guangzhou St/Guangzhou St Intersection. (Southeast),14,1,2022-05-22 08:30:20,2022-05-22 08:30:51,2022-05-22 08:05:11,2022-05-22
500106039,YouBike2.0_捷運小南門站(2號出口),18,6,中正區,2022-05-22 08:13:38,25.03567,121.51006,愛國西路30號之2前方,Zhongzheng Dist,YouBike2.0_MRT Xiaonanmen Sta. (Exit 2),No. 30-2， Aiguo West Rd.,12,1,2022-05-22 08:30:20,2022-05-22 08:30:51,2022-05-22 08:13:38,2022-05-22
500106040,YouBike2.0_介壽公園,23,9,中正區,2022-05-22 08:29:38,25.03907,121.5138,貴陽街懷寧街口(東北側),Zhongzheng Dist,YouBike2.0_Jieshou Park,Guiyang St & Huaining St Intersection (Northeast),13,1,2022-05-22 08:30:20,2022-05-22 08:30:51,2022-05-22 08:29:38,2022-05-22
500106041,YouBike2.0_中華貴陽街口,20,3,中正區,2022-05-22 08:25:38,25.03938,121.50772,貴陽街一段243之1號(前),Zhongzheng Dist,YouBike2.0_Zhonghua Rd & Guiyang St Intersection,No. 234-1， Sec. 1， Guiyang St.,17,1,2022-05-22 08:30:20,2022-05-22 08:30:51,2022-05-22 08:25:38,2022-05-22
500106042,YouBike2.0_華山文創園區,39,11,中正區,2022-05-22 08:13:38,25.04367,121.52849,忠孝東路二段41號,Zhongzheng Dist,YouBike2.0_Huashan 1914 Creative Park,No. 41， Sec. 2， Zhongxiao E. Rd.,28,1,2022-05-22 08:30:20,2022-05-22 08:30:51,2022-05-22 08:13:38,2022-05-22
500106043,YouBike2.0_捷運善導寺站(1號出口),17,9,中正區,2022-05-22 08:19:38,25.04527,121.5222,忠孝東路一段7號,Zhongzheng Dist,YouBike2.0_MRT Shandao Temple Sta (Exit 1),No. 7， Sec. 1， Zhongxiao E. Rd.,8,1,2022-05-22 08:30:20,2022-05-22 08:30:51,2022-05-22 08:19:38,2022-05-22
500106044,YouBike2.0_濟南紹興路口,39,14,中正區,2022-05-22 08:13:38,25.04193,121.52459,濟南紹興路口東南側,Zhongzheng Dist,YouBike2.0_Jinan Rd & Shaoxing S. St Intersection,Jinan Rd & Shaoxing S. St Intersection. (Southeast),25,1,2022-05-22 08:30:20,2022-05-22 08:30:51,2022-05-22 08:13:38,2022-05-22
500106046,YouBike2.0_林森仁愛路口,13,3,中正區,2022-05-22 08:29:11,25.03915,121.52163,林森南路與仁愛路一段西北側,Zhongzheng Dist,YouBike2.0_Linsen S. Rd & Sec 1， Ren'ai Rd Intersection,Linsen S. Rd & Section 1， Ren'ai Rd Intersection. (Northwest),10,1,2022-05-22 08:30:20,2022-05-22 08:30:51,2022-05-22 08:29:11,2022-05-22
500106047,YouBike2.0_中正運動中心,18,13,中正區,2022-05-22 08:17:37,25.03786,121.51985,信義路一段1號前,Zhongzheng Dist,YouBike2.0_Zhongzheng Sports Center,No. 1， Sec 1， Xinyi Rd.,5,1,2022-05-22 08:30:20,2022-05-22 08:30:51,2022-05-22 08:17:37,2022-05-22
500106048,YouBike2.0_信義杭州路口,47,4,中正區,2022-05-22 08:13:38,25.0357,121.5241,信義路一段21號前,Zhongzheng Dist,YouBike2.0_Sec 1， Xinyi Rd & Hangzhou S. Rd Intersection,No. 21， Sec 1， Xinyi Rd.,43,1,2022-05-22 08:30:20,2022-05-22 08:30:51,2022-05-22 08:13:38,2022-05-22
500106049,YouBike2.0_捷運善導寺站(3號出口),20,7,中正區,2022-05-22 08:19:11,25.04428,121.52336,林森南路1號南側,Zhongzheng Dist,YouBike2.0_MRT Shandao Temple Sta (Exit 3),No. 21， Linsen S. Rd. (South),13,1,2022-05-22 08:30:20,2022-05-22 08:30:51,2022-05-22 08:19:11,2022-05-22
500106050,YouBike2.0_捷運小南門站(1號出口),46,24,中正區,2022-05-22 07:51:37,25.03648,121.50951,愛國西路/延平南路(西北側),Zhongzheng Dist,YouBike2.0_MRT Xiaonanmen Sta. (Exit 1),Aiguo E. Rd. & Yanping S. Rd Intersection (Northwest),22,1,2022-05-22 08:30:20,2022-05-22 08:30:51,2022-05-22 07:51:37,2022-05-22
500106051,YouBike2.0_延平南路133巷口,17,6,中正區,2022-05-22 07:44:37,25.03792,121.50846,延平南路162號對側,Zhongzheng Dist,YouBike2.0_Ln. 133， Yanping S. Rd Intersection,No.162， Yanping S. Rd. (Opposite),11,1,2022-05-22 08:30:20,2022-05-22 08:30:51,2022-05-22 07:44:37,2022-05-22
500106052,YouBike2.0_捷運西門站(2號出口),24,9,中正區,2022-05-22 08:13:11,25.0416,121.50842,中華路一段59號旁,Zhongzheng Dist,YouBike2.0_MRT Ximen Sta (Exit 2),No. 59， Sec. 1， Zhonghua Rd.,15,1,2022-05-22 08:30:20,2022-05-22 08:30:51,2022-05-22 08:13:11,2022-05-22
500106053,YouBike2.0_寶慶博愛路口,19,17,中正區,2022-05-22 08:20:39,25.04129,121.5112,博愛路162號,Zhongzheng Dist,YouBike2.0_Baoqing Rd & Bo'ai Rd Intersection,No. 162， Bo'ai Rd.,2,1,2022-05-22 08:30:20,2022-05-22 08:30:51,2022-05-22 08:20:39,2022-05-22
500106054,YouBike2.0_法務部,27,14,中正區,2022-05-22 08:03:11,25.03705,121.51249,重慶南路一段130號旁,Zhongzheng Dist,YouBike2.0_Agency Against Corruption,No. 130， Sec. 1， Chongqing S. Rd.,13,1,2022-05-22 08:30:20,2022-05-22 08:30:51,2022-05-22 08:03:11,2022-05-22
500106055,YouBike2.0_臺北市立大學(博愛校區),59,17,中正區,2022-05-22 08:20:39,25.03545,121.51327,愛國西路1號(前),Zhongzheng Dist,YouBike2.0_University of Taipei Boai Campus,No. 1， Aiguo W. Rd.,42,1,2022-05-22 08:30:20,2022-05-22 08:30:51,2022-05-22 08:20:39,2022-05-22
500106056,YouBike2.0_國家圖書館,36,9,中正區,2022-05-22 08:29:38,25.03763,121.51709,中山南路20號前,Zhongzheng Dist,YouBike2.0_National Central Library,No. 20， Zhongshan S. Rd.,27,1,2022-05-22 08:30:20,2022-05-22 08:30:51,2022-05-22 08:29:38,2022-05-22
500106057,YouBike2.0_市民金山路口,18,4,中正區,2022-05-22 06:50:37,25.0459,121.53068,金山市民大道口南側,Zhongzheng Dist,YouBike2.0_Civic Blvd & Jinshan N. Rd Intersection,Jinshan N. Rd & Civic Blvd Intersection. (South),14,1,2022-05-22 08:30:20,2022-05-22 08:30:51,2022-05-22 06:50:37,2022-05-22
500106058,YouBike2.0_聯合醫院和平院區,18,10,中正區,2022-05-22 08:21:12,25.03516,121.50641,中華路二段33號旁,Zhongzheng Dist,YouBike2.0_Taipei City Hospital Heping Branch,No. 33， Sec. 2， Zhonghua Rd.,8,1,2022-05-22 08:30:20,2022-05-22 08:30:51,2022-05-22 08:21:12,2022-05-22
500106059,YouBike2.0_中山堂,29,11,中正區,2022-05-22 08:02:11,25.04412,121.51025,武昌街一段與延平南路口,Zhongzheng Dist,YouBike2.0_Zhongshan Hall,Sec. 1， Wuchang St & Yanping South Rd Intersection.,18,1,2022-05-22 08:30:20,2022-05-22 08:30:51,2022-05-22 08:02:11,2022-05-22
500106060,YouBike2.0_中華漢口街口,19,6,中正區,2022-05-22 08:26:12,25.04533,121.50944,中華路一段與漢口街一段路口,Zhongzheng Dist,YouBike2.0_Sec. 1， Zhonghua Rd & Hankou St Intersection,Sec. 1， Zhonghua Rd & Sec. 1， Hankou St Intersection,13,1,2022-05-22 08:30:20,2022-05-22 08:30:51,2022-05-22 08:26:12,2022-05-22
500106061,YouBike2.0_中華路一段21巷口,22,3,中正區,2022-05-22 07:54:37,25.04677,121.50989,中華路一段11號(斜前方),Zhongzheng Dist,YouBike2.0_Ln. 21， Sec. 1， Zhonghua Rd Intersection,No. 11， Sec. 1， Zhonghua Rd. (Front right),19,1,2022-05-22 08:30:20,2022-05-22 08:30:51,2022-05-22 07:54:37,2022-05-22
500106062,YouBike2.0_捷運臺大醫院站(4號出口),42,19,中正區,2022-05-22 08:28:12,25.04297,121.51643,常德街1號(公園路側),Zhongzheng Dist,YouBike2.0_MRT NTU Hospital Sta. (Exit 4),No. 1， Changde St. (Gongyuan Rd),23,1,2022-05-22 08:30:20,2022-05-22 08:30:51,2022-05-22 08:28:12,2022-05-22
500106063,YouBike2.0_寶藏巖觀音亭,23,10,中正區,2022-05-22 07:52:11,25.01027,121.5331,汀州路三段230巷23號,Zhongzheng Dist,YouBike2.0_Treasure Hill Guanyin Temple,No. 23， Ln. 230， Sec. 3， Tingzhou Rd.,13,1,2022-05-22 08:30:20,2022-05-22 08:30:51,2022-05-22 07:52:11,2022-05-22
500106064,YouBike2.0_師大水源路口,21,5,中正區,2022-05-22 07:53:11,25.0203,121.52302,師大路/水源路口(東南側),Zhongzheng Dist,YouBike2.0_Shida Rd. & Shuiyuan Rd. Intersection,Shida Rd. & Shuiyuan Rd. Intersection (Southeast),16,1,2022-05-22 08:30:20,2022-05-22 08:30:51,2022-05-22 07:53:11,2022-05-22
500106065,YouBike2.0_中山徐州路口,16,12,中正區,2022-05-22 08:22:11,25.04176,121.51866,中山南路/徐州路(東南側),Zhongzheng Dist,YouBike2.0_Zhongshan Rd. & Xuzhou Rd. Intersection,Zhongshan S. Rd. & Xuzhou Rd. (Southeast),4,1,2022-05-22 08:30:20,2022-05-22 08:30:51,2022-05-22 08:22:11,2022-05-22
500106066,YouBike2.0_信義連雲街口,29,12,中正區,2022-05-22 08:29:11,25.03377,121.53041,信義路二段213號前,Zhongzheng Dist,YouBike2.0_Xinyi Rd. & Lianyun St. Intersection,No. 213， Sec. 2， Sinyi Rd.,17,1,2022-05-22 08:30:20,2022-05-22 08:30:51,2022-05-22 08:29:11,2022-05-22
500106067,YouBike2.0_臺北轉運站,46,0,中正區,2022-05-20 15:36:04,25.04842,121.51994,市民大道一段/中山北路一段(西北側),Zhongzheng Dist,YouBike2.0_Taipei Bus Station,Sec. 1， Civic Blvd. & Sec. 1， Jhongshan N. Rd. Intersection (Northwest),0,0,2022-05-22 08:30:20,2022-05-22 08:30:51,2022-05-20 15:36:04,2022-05-20
500106068,YouBike2.0_莒光大埔街口,32,13,中正區,2022-05-22 07:50:38,25.03132,121.50519,莒光路/大埔街口(東北側),Zhongzheng Dist,YouBike2.0_Jyuguang Rd. & Dapu St. Intersection,Jyuguang Rd. & Dapu St. Intersection (Northeast),19,1,2022-05-22 08:30:20,2022-05-22 08:30:51,2022-05-22 07:50:38,2022-05-22
500106069,YouBike2.0_捷運忠孝新生站(2號出口),20,5,中正區,2022-05-22 08:08:37,25.04235,121.53222,忠孝東路二段132號(東側),Zhongzheng Dist,YouBike2.0_MRT Zhongxiao Xinsheng Sta.(Exit.2),No. 132， Sec. 2， Jhongsiao E. Rd. (East),15,1,2022-05-22 08:30:20,2022-05-22 08:30:51,2022-05-22 08:08:37,2022-05-22
500106070,YouBike2.0_光華商場,25,8,中正區,2022-05-22 08:02:11,25.04478,121.53274,新生北路一段/市民大道三段口(西側),Zhongzheng Dist,YouBike2.0_Guang Hua Computer Market,Sec. 1， Sinsheng N. Rd. & Sec. 3， Civic Blvd. Intersection (West),17,1,2022-05-22 08:30:20,2022-05-22 08:30:51,2022-05-22 08:02:11,2022-05-22
500106071,YouBike2.0_中山青島路口,16,11,中正區,2022-05-22 08:28:12,25.04503,121.51968,中山南路/青島東路口(東北側),Zhongzheng Dist,YouBike2.0_Zhongshan & Qingdao Intersection,Zhongshan S. Rd & Qingdao E. Rd. Intersection (Northeast),5,1,2022-05-22 08:30:20,2022-05-22 08:30:51,2022-05-22 08:28:12,2022-05-22
500106072,YouBike2.0_捷運中正紀念堂站(5號出口),29,11,中正區,2022-05-22 08:09:38,25.03526,121.5168,捷運中正紀念堂站(5號出口)西側,Zhongzheng Dist,YouBike2.0_MRT C.K.S Memorial Hall Sta.(Exit.5),MRT C.K.S Memorial Hall Sta. (Exit.5) (West),17,1,2022-05-22 08:30:20,2022-05-22 08:30:51,2022-05-22 08:09:38,2022-05-22
500106073,YouBike2.0_北平東杭州北路口,20,5,中正區,2022-05-22 06:49:11,25.04553,121.52736,北平東路/杭州北路口(東北側),Zhongzheng Dist,YouBike2.0_Beiping E. Rd. & Hangzhou N. Rd. Intersection,Beiping E. Rd. & Hangzhou N. Rd. Intersection (Northeast),15,1,2022-05-22 08:30:20,2022-05-22 08:30:51,2022-05-22 06:49:11,2022-05-22
500106074,YouBike2.0_王貫英先生紀念圖書館,15,7,中正區,2022-05-22 08:29:11,25.02266,121.52362,汀州路二段265號,Zhongzheng Dist,YouBike2.0_Taipei Public Library Wang Guan-Ying Branch,No. 265， Sec. 2， Tingzhou Rd.,8,1,2022-05-22 08:30:20,2022-05-22 08:30:51,2022-05-22 08:29:11,2022-05-22
500106075,YouBike2.0_金山信義路口,11,5,中正區,2022-05-22 08:26:38,25.03443,121.52721,金山南路一段148號前側,Zhongzheng Dist,YouBike2.0_Jinshan Rd. & Xinyi Rd. Intersection,No. 148， Sec. 1， Jinshan S. Rd.,6,1,2022-05-22 08:30:20,2022-05-22 08:30:51,2022-05-22 08:26:38,2022-05-22
500106077,YouBike2.0_林森徐州路口,16,9,中正區,2022-05-22 08:28:12,25.04094,121.52215,林森南路/徐州路口(西南側),Zhongzheng Dist,YouBike2.0_Linsen Rd. & Xuzhou Rd. Intersection,Linsen S. Rd. & Xuzhou Rd. Intersection (Northwest),7,1,2022-05-22 08:30:20,2022-05-22 08:30:51,2022-05-22 08:28:12,2022-05-22
500106078,YouBike2.0_徐州杭州路口,19,8,中正區,2022-05-22 07:54:11,25.04023,121.52565,徐州路/杭州南路一段口(西北側),Zhongzheng Dist,YouBike2.0_Xuzhou Rd. Hangzhou Rd. Intersection,Xuzhou Rd. Sec. 1， Hangzhou S. Rd. Intersection (Northwest),11,1,2022-05-22 08:30:20,2022-05-22 08:30:51,2022-05-22 07:54:11,2022-05-22
500106079,YouBike2.0_捷運中正紀念堂站(6號出口),17,4,中正區,2022-05-22 07:31:37,25.03615,121.5166,捷運中正紀念堂站(6號出口)北側,Zhongzheng Dist,YouBike2.0_MRT C.K.S Memorial Hall Sta.(Exit 6),MRT C.K.S Memorial Hall Sta.(Exit.6) (North),13,1,2022-05-22 08:30:20,2022-05-22 08:30:51,2022-05-22 07:31:37,2022-05-22
500106080,YouBike2.0_捷運臺北車站(M2出口),20,19,中正區,2022-05-22 08:27:12,25.04821,121.51903,市民大道一段168號旁,Zhongzheng Dist,YouBike2.0_MRT Taipei Main Sta.(Exit M2),No. 168， Sec. 1， Civic Blvd.,1,1,2022-05-22 08:30:20,2022-05-22 08:30:51,2022-05-22 08:27:12,2022-05-22
500106081,YouBike2.0_機場捷運台北車站(6號出口),14,3,中正區,2022-05-22 07:43:11,25.04972,121.51201,鄭州路/延平北路口東南側,Zhongzheng Dist,YouBike2.0_MRT Taipei Main Sta.(Exit 6),Zhengzhou Rd. & Yanping N. Rd. Intersection (Southeast),11,1,2022-05-22 08:30:20,2022-05-22 08:30:51,2022-05-22 07:43:11,2022-05-22
500106082,YouBike2.0_延平北平路口,20,2,中正區,2022-05-22 08:07:11,25.04869,121.51163,延平北路一段2號對側,Zhongzheng Dist,YouBike2.0_Yanping Rd. & Beiping Rd. Intersection,No. 2， Sec. 1， Yanping N. Rd. (Opposite),18,1,2022-05-22 08:30:20,2022-05-22 08:30:51,2022-05-22 08:07:11,2022-05-22
500106083,YouBike2.0_臺北市國父史蹟館(逸仙公園),25,12,中正區,2022-05-22 08:18:12,25.04779,121.52042,中山北路一段46號北側,Zhongzheng Dist,YouBike2.0_Dr. Sun Yat-Sen Memorial House (Sun Yat-sen Park),No. 46， Sec. 1， Zhongshan N. Rd. (North),13,1,2022-05-22 08:30:20,2022-05-22 08:30:51,2022-05-22 08:18:12,2022-05-22
500106084,YouBike2.0_捷運西門站(5號出口),30,13,中正區,2022-05-22 08:00:27,25.04244,121.50864,捷運西門站(5號出口)南側,Zhongzheng Dist,YouBike2.0_MRT Ximen Sta. (Exit 5),MRT Ximen Sta. (Exit 5) (South),17,1,2022-05-22 08:30:20,2022-05-22 08:30:51,2022-05-22 08:00:27,2022-05-22
500106085,YouBike2.0_弘道國中,18,2,中正區,2022-05-22 08:23:12,25.03828,121.51524,公園路21號西北側,Zhongzheng Dist,YouBike2.0_Hondao Junior High School,No. 21， Gongyuan Rd. (Northwest),16,1,2022-05-22 08:30:20,2022-05-22 08:30:51,2022-05-22 08:23:12,2022-05-22
500106086,YouBike2.0_臺北市第一女子高級中學,17,8,中正區,2022-05-22 08:27:12,25.0385,121.51288,重慶南路一段165號旁,Zhongzheng Dist,YouBike2.0_Taipei First Girls High School,No. 165， Sec. 1， Chongqing S. Rd.,9,1,2022-05-22 08:30:20,2022-05-22 08:30:51,2022-05-22 08:27:12,2022-05-22
500106087,YouBike2.0_台北市替代役中心,15,3,中正區,2022-05-22 05:26:10,25.01808,121.5275,汀州路三段8號前,Zhongzheng Dist,YouBike2.0_Substitute Military Service Center,No. 8， Sec. 3， Tingzhou Rd.,12,1,2022-05-22 08:30:20,2022-05-22 08:30:51,2022-05-22 05:26:10,2022-05-22
500106088,YouBike2.0_紹興徐州路口,18,8,中正區,2022-05-22 08:18:38,25.04051,121.52401,紹興南街/徐州路(東南側),Zhongzheng Dist,YouBike2.0_Shaoxing St. & Xuzhou Rd. Intersection,Shaoxing S. St. & Xuzhou Rd. Intersection (Southeast),10,1,2022-05-22 08:30:20,2022-05-22 08:30:51,2022-05-22 08:18:38,2022-05-22
500106089,YouBike2.0_羅斯福寧波東街口,16,0,中正區,2022-05-22 07:35:05,25.03145,121.51941,羅斯福路一段/寧波東街(東南側),Zhongzheng Dist,YouBike2.0_Roosevelt Rd. & Ningbo E. St. Intersection,Sec. 1， Roosevelt Rd. & Ningbo E. St. Intersection (Southeast),16,1,2022-05-22 08:30:20,2022-05-22 08:30:51,2022-05-22 07:35:05,2022-05-22
500106090,YouBike2.0_自來水園區,20,7,中正區,2022-05-22 08:12:37,25.01328,121.53004,中正區思源街16號對面人行道,Zhongzheng Dist,YouBike2.0_Taipei Water Park,No. 16， Siyuan St. (Opposite),13,1,2022-05-22 08:30:20,2022-05-22 08:30:51,2022-05-22 08:12:37,2022-05-22
500106091,YouBike2.0_仁愛林森路口,20,0,中正區,2022-05-22 07:34:04,25.03895,121.52233,仁愛路一段路口/林森南路(東北側),Zhongzheng Dist,YouBike2.0_Ren'ai Rd. & Linsen Rd. Intersection,Sec. 1， Ren'ai Rd. & Linsen S. Rd. Intersection (Northeast),20,1,2022-05-22 08:30:20,2022-05-22 08:30:51,2022-05-22 07:34:04,2022-05-22
500106092,YouBike2.0_捷運西門站(3號出口),24,18,中正區,2022-05-22 07:52:37,25.04178,121.50869,中華路一段/寶慶路(東南側),Zhongzheng Dist,YouBike2.0_MRT Ximen Sta. (Exit 3),Sec. 1， Zhonghua Rd. & Baoqing Rd. Intersection (Southeast),6,1,2022-05-22 08:30:20,2022-05-22 08:30:51,2022-05-22 07:52:37,2022-05-22
500106093,YouBike2.0_仁愛金山路口,9,0,中正區,2022-05-22 07:56:03,25.0384,121.52801,仁愛路二段31號前,Zhongzheng Dist,YouBike2.0_Ren'ai Rd. & Jinshan Rd. Intersection,No. 31， Sec. 2， Ren'ai Rd.,9,1,2022-05-22 08:30:20,2022-05-22 08:30:51,2022-05-22 07:56:03,2022-05-22
500106094,YouBike2.0_杭州南路一段101巷口,14,9,中正區,2022-05-22 08:22:12,25.03746,121.52799,金山南路一段72號前,Zhongzheng Dist,YouBike2.0_Ln. 101， Sec. 1， Hangzhou S. Rd.,No. 72， Sec. 1， Jinshan S. Rd.,4,1,2022-05-22 08:30:20,2022-05-22 08:30:51,2022-05-22 08:22:12,2022-05-22
500106095,YouBike2.0_仁愛杭州路口,15,0,中正區,2022-05-22 05:12:03,25.03846,121.52497,仁愛路一段59號旁,Zhongzheng Dist,YouBike2.0_Ren'ai Rd. & Hangzhou Rd. Intersection,No. 59， Sec. 1， Ren'ai Rd.,15,1,2022-05-22 08:30:20,2022-05-22 08:30:51,2022-05-22 05:12:03,2022-05-22
500106096,YouBike2.0_龍興里活動中心,15,9,中正區,2022-05-22 08:27:12,25.02815,121.51108,三元街131號旁,Zhongzheng Dist,YouBike2.0_Longxing Community Center,No. 131， Sanyuan St.,6,1,2022-05-22 08:30:20,2022-05-22 08:30:51,2022-05-22 08:27:12,2022-05-22
500107001,YouBike2.0_通北街65巷口,16,4,中山區,2022-05-22 08:07:38,25.08251,121.54004,通北街/通北街65巷口(東北側),Zhongshan Dist,YouBike2.0_Ln. 65， Tongbei St.,Tongbei /Ln. 65， Tongbei St. Intersection,12,1,2022-05-22 08:30:20,2022-05-22 08:30:51,2022-05-22 08:07:38,2022-05-22
500107002,YouBike2.0_圓山風景區,15,6,中山區,2022-05-22 08:03:37,25.07805,121.5295,北安路/北安路77巷口(西北側),Zhongshan Dist,YouBike2.0_Yuanshan Scenic Area,Bei'an Rd./Ln. 77， Bei'an Rd. Intersection,9,1,2022-05-22 08:30:20,2022-05-22 08:30:51,2022-05-22 08:03:37,2022-05-22
500107003,YouBike2.0_樂群二堤頂大道口,20,5,中山區,2022-05-22 08:24:38,25.0803,121.56251,堤頂大道二段382號(旁),Zhongshan Dist,YouBike2.0_Lequn 2nd & Tiding Blvd. Intersection,No. 382， Tiding Blvd.,15,1,2022-05-22 08:30:20,2022-05-22 08:30:51,2022-05-22 08:24:38,2022-05-22
500107004,YouBike2.0_劍潭社區,13,5,中山區,2022-05-22 01:49:37,25.08524,121.53748,通北街146巷2弄2號(對面公園),Zhongshan Dist,YouBike2.0_Jiantan Community,No. 2， Aly. 2， Ln. 146， Tongbei St. (Opposite),8,1,2022-05-22 08:30:20,2022-05-22 08:30:51,2022-05-22 01:49:37,2022-05-22
500107005,YouBike2.0_培英公園,14,7,中山區,2022-05-22 08:21:12,25.08258,121.54462,崇實路/大直街62巷(東南側),Zhongshan Dist,YouBike2.0_Peiying Park,Chongshi/Ln. 62， Dajhih St. Intersection,7,1,2022-05-22 08:30:20,2022-05-22 08:30:51,2022-05-22 08:21:12,2022-05-22
500107006,YouBike2.0_樂群二明水路口,20,6,中山區,2022-05-22 08:15:13,25.08009,121.55226,樂群二路/明水路口(東北側),Zhongshan Dist,YouBike2.0_Lequn 2nd & Mingshui Rd. Intersection,Lequn 2nd/Mingshui Rd. Intersection,14,1,2022-05-22 08:30:20,2022-05-22 08:30:51,2022-05-22 08:15:13,2022-05-22
500107007,YouBike2.0_北安大直街口,15,6,中山區,2022-05-22 08:25:12,25.08474,121.54968,北安路676號前人行道,Zhongshan Dist,YouBike2.0_Bei'an & Dajhih St. Intersection,No. 676， Bei'an Rd.,9,1,2022-05-22 08:30:20,2022-05-22 08:30:51,2022-05-22 08:25:12,2022-05-22
500107008,YouBike2.0_捷運劍南路站(2號出口),38,19,中山區,2022-05-22 08:27:12,25.08401,121.55535,敬業三路11號(植福路側對面),Zhongshan Dist,YouBike2.0_MRT Jiannan Rd. Station (Exit 2),No. 11， Jingye 3rd Rd. (Opposite),19,1,2022-05-22 08:30:20,2022-05-22 08:30:51,2022-05-22 08:27:12,2022-05-22
500107009,YouBike2.0_樂群二敬業三路口,20,10,中山區,2022-05-22 08:22:12,25.07985,121.55609,敬業三路155號(前),Zhongshan Dist,YouBike2.0_Lequn 2nd & Jingye 3rd Rd. Intersection,No. 155， Jingye 3rd Rd.,10,1,2022-05-22 08:30:20,2022-05-22 08:30:51,2022-05-22 08:22:12,2022-05-22
500107010,YouBike2.0_樂群二敬業四路口,43,24,中山區,2022-05-22 08:24:38,25.07976,121.55813,樂群二路186號,Zhongshan Dist,YouBike2.0_Lequn 2nd & Jingye 4th Rd. Intersection,No. 186， Lecyun 2nd Rd.,19,1,2022-05-22 08:30:20,2022-05-22 08:30:51,2022-05-22 08:24:38,2022-05-22
500107011,YouBike2.0_捷運大直站(3號出口),34,18,中山區,2022-05-22 08:13:38,25.07923,121.5473,北安路536號(旁),Zhongshan Dist,YouBike2.0_Dazhi Station (Exit 3),No. 536， Bei'an Rd.,16,1,2022-05-22 08:30:20,2022-05-22 08:30:51,2022-05-22 08:13:38,2022-05-22
500107012,YouBike2.0_復興市民路口,36,16,中山區,2022-05-22 08:22:38,25.04585,121.54375,復興南路一段36-9號前人行道,Zhongshan Dist,YouBike2.0_Fuxing Rd. & Civic Blvd. Intersection,No. 36-9， Sec. 1， Fuxing S. Rd.,20,1,2022-05-22 08:30:20,2022-05-22 08:30:51,2022-05-22 08:22:38,2022-05-22
500107013,YouBike2.0_南京遼寧街口,21,8,中山區,2022-05-22 08:29:11,25.05176,121.54217,南京東路三段189號(對面),Zhongshan Dist,YouBike2.0_Nanjing Rd. & Liaoning St. Intersection,No. 189， Sec. 3， Nanjing E. Rd. (Opposite),13,1,2022-05-22 08:30:20,2022-05-22 08:30:51,2022-05-22 08:29:11,2022-05-22
500107014,YouBike2.0_伊通長安路口,15,2,中山區,2022-05-22 08:24:38,25.04833,121.53469,伊通街/長安東路二段(西南側路側),Zhongshan Dist,YouBike2.0_Yitong St. & Chang'an Rd. Intersection,Yitong St. & Sec. 2， Chang'an E Rd. Intersection (Southwest),13,1,2022-05-22 08:30:20,2022-05-22 08:30:51,2022-05-22 08:24:38,2022-05-22
500107015,YouBike2.0_新生長安路口,15,10,中山區,2022-05-22 04:57:10,25.04861,121.52935,新生北路一段/長安東路二段交叉口(北側),Zhongshan Dist,YouBike2.0_Xinsheng Rd. & Chang'an Rd. Intersection,Sec.1， Xinsheng N. Rd. & Sec. 2， Chang'an E Rd. Intersection (North),5,1,2022-05-22 08:30:20,2022-05-22 08:30:51,2022-05-22 04:57:10,2022-05-22
500107016,YouBike2.0_市民林森路口,20,2,中山區,2022-05-22 08:21:12,25.04796,121.52439,市民大道二段/林森北路(東北側),Zhongshan Dist,YouBike2.0_Civic Blvd. & Linsen Rd. Intersection,Sec. 2， Civic Blvd. & Linsen N Rd. Intersection (NorthEast),18,1,2022-05-22 08:30:20,2022-05-22 08:30:51,2022-05-22 08:21:12,2022-05-22
500107017,YouBike2.0_南京新生路口,20,5,中山區,2022-05-22 08:28:38,25.05194,121.52766,新生北路一段/南京東路一段口(橋墩下方),Zhongshan Dist,YouBike2.0_Nanjing Rd. & Xinsheng Rd. Intersection,Sec.1， Xinsheng N. Rd. & Sec. 1， Nanjing E. Rd. Intersection (Under Bridge),15,1,2022-05-22 08:30:20,2022-05-22 08:30:51,2022-05-22 08:28:38,2022-05-22
500107018,YouBike2.0_一江公園,16,4,中山區,2022-05-22 08:28:12,25.05316,121.53146,一江街/松江路132巷口(西北側),Zhongshan Dist,YouBike2.0_Yijiang Park,Yijiang St. & Ln. 132， Songjiang Rd. Intersection (Northwest),12,1,2022-05-22 08:30:20,2022-05-22 08:30:51,2022-05-22 08:28:12,2022-05-22
500107019,YouBike2.0_松江公園,15,11,中山區,2022-05-22 08:26:12,25.05025,121.53273,松江路/松江路84巷(西北側路側),Zhongshan Dist,YouBike2.0_Songjiang Park,Songjiang Rd. & Ln. 84， Songjiang Rd. Intersection (Northwest),3,1,2022-05-22 08:30:20,2022-05-22 08:30:51,2022-05-22 08:26:12,2022-05-22
500107020,YouBike2.0_新生長春路口,15,10,中山區,2022-05-22 08:19:11,25.05639,121.52752,新生北路二段/新生北路二段68巷交叉口(新生橋下),Zhongshan Dist,YouBike2.0_Xinsheng Rd. & Changchun Rd. Intersection,Sec. 2， Xinsheng N. Rd. & Ln. 68 Intersection (Under Bridge),5,1,2022-05-22 08:30:20,2022-05-22 08:30:51,2022-05-22 08:19:11,2022-05-22
500107021,YouBike2.0_第二果菜批發市場,28,20,中山區,2022-05-22 08:28:38,25.06642,121.53735,民族東路410巷2弄18號(東側),Zhongshan Dist,YouBike2.0_The Second Wholesale Fruit and Vegetable Market,No. 18， Aly. 2， Ln. 410， Minzu E Rd. (East),8,1,2022-05-22 08:30:20,2022-05-22 08:30:51,2022-05-22 08:28:38,2022-05-22
500107022,YouBike2.0_民生建國路口,17,6,中山區,2022-05-22 08:11:12,25.05778,121.53692,民生東路三段 / 建國北路二段口,Zhongshan Dist,YouBike2.0_Minsheng Rd. & Jianguo Rd. Intersection,Sec. 3， Minsheng E Rd. & Sec. 2， Jianguo N Rd. Intersection,11,1,2022-05-22 08:30:20,2022-05-22 08:30:51,2022-05-22 08:11:12,2022-05-22
500107023,YouBike2.0_興安華城,62,15,中山區,2022-05-22 08:26:12,25.05606,121.54175,興安街53-4號對側,Zhongshan Dist,YouBike2.0_Xing An Hua Cheng,No. 53-4， Xing'an St. (Opposite),47,1,2022-05-22 08:30:20,2022-05-22 08:30:51,2022-05-22 08:26:12,2022-05-22
500107024,YouBike2.0_捷運中山國中站,47,11,中山區,2022-05-22 08:24:11,25.06106,121.54406,復興北路386號南側,Zhongshan Dist,YouBike2.0_MRT Zhongshan Junior High School Sta.,No. 386， Fuxing N Rd. (South),36,1,2022-05-22 08:30:20,2022-05-22 08:30:51,2022-05-22 08:24:11,2022-05-22
500107025,YouBike2.0_龍江錦州街口,16,5,中山區,2022-05-22 08:27:37,25.06045,121.54077,龍江路287號前方,Zhongshan Dist,YouBike2.0_Long Jiang Rd. & Jinzhou St. Intersection,No. 287， Long Jiang Rd.,11,1,2022-05-22 08:30:20,2022-05-22 08:30:51,2022-05-22 08:27:37,2022-05-22
500107026,YouBike2.0_建國長春路口,16,3,中山區,2022-05-22 08:19:38,25.05469,121.53686,建國北路/長春路口(南側),Zhongshan Dist,YouBike2.0_Jianguo Rd. & Changchun Rd. Intersection,Jianguo N Rd. & Changchun Rd. Intersection (South),13,1,2022-05-22 08:30:20,2022-05-22 08:30:51,2022-05-22 08:19:38,2022-05-22
500107027,YouBike2.0_南京建國路口,28,7,中山區,2022-05-22 08:23:38,25.05214,121.5368,南京東路二段/建國北路二段(北側),Zhongshan Dist,YouBike2.0_Nanjing E Rd. & Jianguo Rd. Intersection,Sec. 2， Nanjing E Rd. & Sec. 2， Jianguo N Rd. Intersection (North),21,1,2022-05-22 08:30:20,2022-05-22 08:30:51,2022-05-22 08:23:38,2022-05-22
500107028,YouBike2.0_捷運松江南京站(7號出口),62,26,中山區,2022-05-22 08:05:38,25.05246,121.5332,松江路119號前,Zhongshan Dist,YouBike2.0_MRT Songjiang Nanjing Sta. (Exit 7),No. 119， Songjiang Rd.,36,1,2022-05-22 08:30:20,2022-05-22 08:30:51,2022-05-22 08:05:38,2022-05-22
500107029,YouBike2.0_朱崙商場,27,5,中山區,2022-05-22 08:28:12,25.04762,121.54043,龍江路15號前,Zhongshan Dist,YouBike2.0_Zhulun Market,No. 15， Long Jiang Rd.,22,1,2022-05-22 08:30:20,2022-05-22 08:30:51,2022-05-22 08:28:12,2022-05-22
500107030,YouBike2.0_中吉公園,15,4,中山區,2022-05-22 08:12:11,25.05604,121.53166,松江路170巷20號對側,Zhongshan Dist,YouBike2.0_Zhongji Park,No. 22， Ln. 170， Songjiang Rd， (Opposite),10,1,2022-05-22 08:30:20,2022-05-22 08:30:51,2022-05-22 08:12:11,2022-05-22
500107031,YouBike2.0_華山公園,19,0,中山區,2022-05-11 11:05:04,25.0471,121.5277,市民大道與長安東路一段52巷口,Zhongshan Dist,YouBike2.0_Huashan Park,Civic Blvd. & Ln. 52， Sec. 1， Chang'an E Rd. Intersection,19,0,2022-05-22 08:30:20,2022-05-22 08:30:51,2022-05-11 11:05:04,2022-05-11
500107032,YouBike2.0_建國北路一段17巷,45,6,中山區,2022-05-22 08:25:12,25.04699,121.53735,建國北路一段17巷/八德路二段137巷口,Zhongshan Dist,YouBike2.0_Ln. 17， Sec. 1， Jianguo N. Rd.,Ln. 17， Sec. 1， Jianguo N. Rd. & Ln. 137， Sec. 2， Bade Rd. Intersection,39,1,2022-05-22 08:30:20,2022-05-22 08:30:51,2022-05-22 08:25:12,2022-05-22
500107033,YouBike2.0_江寧公園,15,12,中山區,2022-05-22 08:27:37,25.0614,121.53929,合江街186號對側,Zhongshan Dist,YouBike2.0_Jiangning Park,No. 186， Hejiang St. (Opposite),3,1,2022-05-22 08:30:20,2022-05-22 08:30:51,2022-05-22 08:27:37,2022-05-22
500107034,YouBike2.0_民權龍江路口,14,5,中山區,2022-05-22 08:16:12,25.06225,121.54107,民權東路三段與龍江路口東南側,Zhongshan Dist,YouBike2.0_Minquan E. Rd. & Long Jiang Rd. Intersection,Sec. 3， Minquan E. Rd. & Long Jiang Rd. Intersection (Southeast),9,1,2022-05-22 08:30:20,2022-05-22 08:30:51,2022-05-22 08:16:12,2022-05-22
500107035,YouBike2.0_捷運中山國小站(2號出口),59,32,中山區,2022-05-22 08:01:12,25.0625,121.52629,捷運中山國小站(2號出口)後方,Zhongshan Dist,YouBike2.0_MRT Zhongshan Elementary School Sta. (Exit 2),MRT Zhongshan Elementary School Sta. (Exit 2) (Back),27,1,2022-05-22 08:30:20,2022-05-22 08:30:51,2022-05-22 08:01:12,2022-05-22
500107036,YouBike2.0_捷運行天宮站(3號出口),36,10,中山區,2022-05-22 08:25:38,25.05992,121.5333,松江路261號前,Zhongshan Dist,YouBike2.0_MRT Xingtian Temple Sta. (Exit 3),No. 261， Songjiang Rd.,26,1,2022-05-22 08:30:20,2022-05-22 08:30:51,2022-05-22 08:25:38,2022-05-22
500107037,YouBike2.0_林森農安街口,17,1,中山區,2022-05-22 08:16:04,25.06531,121.52565,林森北路582號(前),Zhongshan Dist,YouBike2.0_Linsen Rd. & Nong'an St. Intersection,No. 582， Linsen N. Rd.,15,1,2022-05-22 08:30:20,2022-05-22 08:30:51,2022-05-22 08:16:04,2022-05-22
500107038,YouBike2.0_捷運中山國小站(4號出口),20,6,中山區,2022-05-22 08:22:38,25.06283,121.52697,民權東路一段/民權東路一段71巷口,Zhongshan Dist,YouBike2.0_MRT Zhongshan Elementary School Sta. (Exit 4),Sec. 1， Minquan E. Rd. & Ln. 71， Sec. 1， Minquan E. Rd. Intersection,14,1,2022-05-22 08:30:20,2022-05-22 08:30:51,2022-05-22 08:22:38,2022-05-22
500107039,YouBike2.0_農安雙城街口,15,10,中山區,2022-05-22 08:10:19,25.06491,121.52449,農安街12-1號前方,Zhongshan Dist,YouBike2.0_Nong'an St. & Shuangcheng St. Intersection,No. 12-1， Nong'an St.,5,1,2022-05-22 08:30:20,2022-05-22 08:30:51,2022-05-22 08:10:19,2022-05-22
500107040,YouBike2.0_新生德惠街口,15,2,中山區,2022-05-22 08:18:38,25.06652,121.52762,新生北路三段76號對側,Zhongshan Dist,YouBike2.0_Xinsheng Rd. & Dehui St. Intersection,No. 76， Sec. 3， Xinsheng N. Rd. (Opposite),13,1,2022-05-22 08:30:20,2022-05-22 08:30:51,2022-05-22 08:18:38,2022-05-22
500107041,YouBike2.0_民族林森路口,16,5,中山區,2022-05-22 08:17:37,25.06847,121.52559,民族東路17號前,Zhongshan Dist,YouBike2.0_Minzu Rd. & Linsen Rd. Intersection,No. 17， Minzu E. Rd.,11,1,2022-05-22 08:30:20,2022-05-22 08:30:51,2022-05-22 08:17:37,2022-05-22
500107042,YouBike2.0_臺北市立美術館,24,1,中山區,2022-05-22 07:35:38,25.06987,121.52291,花博公園5號出入口旁,Zhongshan Dist,YouBike2.0_Taipei Fine Arts Museum,Taipei EXPO Park Yuanshan Gate 5,22,1,2022-05-22 08:30:20,2022-05-22 08:30:51,2022-05-22 07:35:38,2022-05-22
500107043,YouBike2.0_中山民族路口,16,4,中山區,2022-05-22 08:21:12,25.06816,121.52265,中山北路三段54號前,Zhongshan Dist,YouBike2.0_Zhongshan Rd. & Minzu Rd. Intersection,No. 54， Sec. 3， Zhongshan N. Rd.,12,1,2022-05-22 08:30:20,2022-05-22 08:30:51,2022-05-22 08:21:12,2022-05-22
500107044,YouBike2.0_新生高架停車場(林森北路107巷口),14,8,中山區,2022-05-22 08:27:12,25.04983,121.52853,新生北路一段與林森北路107巷口(新生高架橋下),Zhongshan Dist,YouBike2.0_Xinsheng Elevated Parking Lot (Ln. 107， Linsen N. Rd.),Sec. 1， Xinsheng N. Rd. & Ln. 107， Linsen N. Rd. (Under Xinsheng Elevated Bridge),6,1,2022-05-22 08:30:20,2022-05-22 08:30:51,2022-05-22 08:27:12,2022-05-22
500107045,YouBike2.0_南京林森路口(東南側),10,6,中山區,2022-05-22 08:28:12,25.05201,121.52556,南京東路一段86號前,Zhongshan Dist,YouBike2.0_Nanjing E. Rd.,No. 86， Sec. 1， Nanjing E. Rd.,4,1,2022-05-22 08:30:20,2022-05-22 08:30:51,2022-05-22 08:28:12,2022-05-22
500107046,YouBike2.0_仁德公園,18,7,中山區,2022-05-22 08:15:39,25.05337,121.5289,吉林路108巷與南京東路二段21巷口東南側,Zhongshan Dist,YouBike2.0_Rende Park,Ln. 108， Jilin Rd. & Ln.21 ， Sec. 2， Nanjing E. Rd. Intersection (Southeast),11,1,2022-05-22 08:30:20,2022-05-22 08:30:51,2022-05-22 08:15:39,2022-05-22
500107047,YouBike2.0_中原公園,15,4,中山區,2022-05-22 08:21:37,25.05583,121.52821,新生北路二段45巷(中原公園西側),Zhongshan Dist,YouBike2.0_Zhongyuan Park,Ln. 45， Sec. 2， Xinsheng N. Rd. (Zhongyuan Park West),11,1,2022-05-22 08:30:20,2022-05-22 08:30:51,2022-05-22 08:21:37,2022-05-22
500107048,YouBike2.0_下埤公園,14,10,中山區,2022-05-22 08:12:11,25.06682,121.54213,民族東路512巷13弄4號,Zhongshan Dist,YouBike2.0_Xiapi Park,No. 4， Aly. 13， Ln. 512， Minzu E. Rd.,4,1,2022-05-22 08:30:20,2022-05-22 08:30:51,2022-05-22 08:12:11,2022-05-22
500107049,YouBike2.0_五常國中,16,11,中山區,2022-05-22 07:45:11,25.06505,121.54366,復興北路488巷2弄5號對側,Zhongshan Dist,YouBike2.0_Wuchang Junior High School,No. 5， Aly. 2， Ln. 488， Fuxing N. Rd. (Opposite),5,1,2022-05-22 08:30:20,2022-05-22 08:30:51,2022-05-22 07:45:11,2022-05-22
500107050,YouBike2.0_榮星花園,39,20,中山區,2022-05-22 08:29:38,25.06424,121.54037,五常街77號對側,Zhongshan Dist,YouBike2.0_Rongxing Garden,No. 77， Wuchang St. (Opposite),19,1,2022-05-22 08:30:20,2022-05-22 08:30:51,2022-05-22 08:29:38,2022-05-22
500107051,YouBike2.0_民權建國路口,34,12,中山區,2022-05-22 08:28:12,25.06251,121.53765,民權東路三段/建國北路三段口(東北側),Zhongshan Dist,YouBike2.0_Minquan Rd. & Jianguo N. Rd. Intersection,Sec. 3， Minquan E. Rd. & Sec. 3， Jianguo N. Rd. Intersection (Northeast),21,1,2022-05-22 08:30:20,2022-05-22 08:30:51,2022-05-22 08:28:12,2022-05-22
500107052,YouBike2.0_松江路431巷口,15,6,中山區,2022-05-22 08:27:12,25.06585,121.53338,松江路433號前,Zhongshan Dist,YouBike2.0_Ln. 431， Songshan Rd. Intersection,No. 433， Songjiang Rd.,9,1,2022-05-22 08:30:20,2022-05-22 08:30:51,2022-05-22 08:27:12,2022-05-22
500107053,YouBike2.0_新喜公園,13,4,中山區,2022-05-22 08:21:12,25.06533,121.53177,德惠街170巷22號對側,Zhongshan Dist,YouBike2.0_Xinxi Park,No. 22， Ln. 170， Dehuei St. (Opposite),9,1,2022-05-22 08:30:20,2022-05-22 08:30:51,2022-05-22 08:21:12,2022-05-22
500107054,YouBike2.0_吉林路407巷口,15,11,中山區,2022-05-22 08:25:12,25.06595,121.53041,吉林路401號前,Zhongshan Dist,YouBike2.0_Ln. 407， Jilin Rd. Intersection,No. 401， Jilin Rd,3,1,2022-05-22 08:30:20,2022-05-22 08:30:51,2022-05-22 08:25:12,2022-05-22
500107055,YouBike2.0_民族松江路口,17,8,中山區,2022-05-22 07:54:37,25.06833,121.5328,民族東路與松江路口西北側,Zhongshan Dist,YouBike2.0_Minzu Rd. & Songjiang Rd. Intersection,Minzu E. Rd. & Songjiang Rd. Intersection (Northwest),9,1,2022-05-22 08:30:20,2022-05-22 08:30:51,2022-05-22 07:54:37,2022-05-22
500107056,YouBike2.0_林安泰古厝,10,8,中山區,2022-05-22 08:16:38,25.07154,121.53058,濱江街5號對側,Zhongshan Dist,YouBike2.0_Lin An Tai Historical House,No. 5， Binjiang St. (Opposite),2,1,2022-05-22 08:30:20,2022-05-22 08:30:51,2022-05-22 08:16:38,2022-05-22
500107057,YouBike2.0_中山公民會館,20,4,中山區,2022-05-22 08:16:38,25.06185,121.5226,中山北路二段128巷口,Zhongshan Dist,YouBike2.0_zhongshan Public Assembly Hall,Ln. 128， Sec. 2， Jhongshan N. Rd.,16,1,2022-05-22 08:30:20,2022-05-22 08:30:51,2022-05-22 08:16:38,2022-05-22
500107058,YouBike2.0_渭水八德路口,23,19,中山區,2022-05-22 08:23:12,25.04573,121.53508,渭水路54號對側,Zhongshan Dist,YouBike2.0_Weishuei Rd. & Bade Rd. Intersection,No. 54， Weishuei Rd. (Opposite),4,1,2022-05-22 08:30:20,2022-05-22 08:30:51,2022-05-22 08:23:12,2022-05-22
500107059,YouBike2.0_捷運中山站(2號出口),26,15,中山區,2022-05-22 08:28:12,25.05228,121.52176,南京西路4號前,Zhongshan Dist,YouBike2.0_MRT Zhongshan Sta. (Exit 2),No. 4， Nanjing W. Rd.,11,1,2022-05-22 08:30:20,2022-05-22 08:30:51,2022-05-22 08:28:12,2022-05-22
500107060,YouBike2.0_撫順公園,18,4,中山區,2022-05-22 08:22:12,25.06416,121.52203,中山北路三段2號對側,Zhongshan Dist,YouBike2.0_Fushun Park,No. 2， Sec. 3， Jhongshan N. Rd. (Opposite),14,1,2022-05-22 08:30:20,2022-05-22 08:30:51,2022-05-22 08:22:12,2022-05-22
500107061,YouBike2.0_新生公園,8,4,中山區,2022-05-22 08:25:38,25.06839,121.53032,民族東路/吉林路口(西北側),Zhongshan Dist,YouBike2.0_Xinsheng Park,Minzu E. Rd & Jilin Rd. Intersection (Northwest),4,1,2022-05-22 08:30:20,2022-05-22 08:30:51,2022-05-22 08:25:38,2022-05-22
500107062,YouBike2.0_捷運行天宮站(1號出口),26,19,中山區,2022-05-22 08:18:38,25.05867,121.53305,松江路230號前,Zhongshan Dist,YouBike2.0_MRT Xingtian Temple Sta. (Exit 1),No. 230， Songjiang Rd.,6,1,2022-05-22 08:30:20,2022-05-22 08:30:51,2022-05-22 08:18:38,2022-05-22
500107063,YouBike2.0_林森長春路口,18,10,中山區,2022-05-22 08:04:38,25.05497,121.52536,長春路29號前,Zhongshan Dist,YouBike2.0_Linsen & Changchun Intersection,No. 29， Changchun Rd.,8,1,2022-05-22 08:30:20,2022-05-22 08:30:51,2022-05-22 08:04:38,2022-05-22
500107064,YouBike2.0_建國農安街口,30,9,中山區,2022-05-22 08:26:38,25.06503,121.53678,建國北路/農安街口(建國橋下),Zhongshan Dist,YouBike2.0_Jianguo & Nong'an Intersection,Jianguo N. Rd. & Nong'an St. Intersection,21,1,2022-05-22 08:30:20,2022-05-22 08:30:51,2022-05-22 08:26:38,2022-05-22
500107065,YouBike2.0_松江路77巷口,10,0,中山區,2022-05-22 07:15:04,25.04985,121.53312,松江路77巷口,Zhongshan Dist,YouBike2.0_Ln. 77， Songjiang Rd.,Ln. 77， Songjiang Rd.,10,1,2022-05-22 08:30:20,2022-05-22 08:30:51,2022-05-22 07:15:04,2022-05-22
500107066,YouBike2.0_建國長安路口,15,0,中山區,2022-05-03 16:28:15,25.04847,121.53669,建國北路一段與長安東路二段口北側,Zhongshan Dist,YouBike2.0_Jianguo & Chang'an Intersection,Sec. 1， Jianguo N. Rd. & Sec. 2， Chang'an E. Rd. Intersection (North),0,0,2022-05-22 08:30:20,2022-05-22 08:30:51,2022-05-03 16:28:15,2022-05-03
500107067,YouBike2.0_市民新生路口,15,5,中山區,2022-05-22 08:05:11,25.04592,121.53207,市民大道三段與新生北路一段口西北側,Zhongshan Dist,YouBike2.0_Civic & Xinsheng Intersection,Sec. 3， Civic Blvd. & Sec. 1， Xinsheng N. Rd. Intersection (Northwest),10,1,2022-05-22 08:30:20,2022-05-22 08:30:51,2022-05-22 08:05:11,2022-05-22
500107068,YouBike2.0_民權吉林路口,15,10,中山區,2022-05-22 08:11:38,25.06269,121.53061,民權東路二段51號前,Zhongshan Dist,YouBike2.0_Minquan & Jilin Intersection,No. 51， Sec. 2， Minquan E. Rd.,5,1,2022-05-22 08:30:20,2022-05-22 08:30:51,2022-05-22 08:11:38,2022-05-22
500107069,YouBike2.0_中山農安街口,17,12,中山區,2022-05-22 08:13:38,25.0651,121.5224,中山北路三段25號前,Zhongshan Dist,YouBike2.0_Zhongshan Rd. & Nong'an St. Intersection,No. 25， Sec. 3， Zhongshan N. Rd.,5,1,2022-05-22 08:30:20,2022-05-22 08:30:51,2022-05-22 08:13:38,2022-05-22
500107070,YouBike2.0_捷運行政大樓,14,8,中山區,2022-05-22 08:10:19,25.05575,121.52168,中山北路二段48巷7號前,Zhongshan Dist,YouBike2.0_MRT Administration Building,No. 7， Ln. 48， Sec. 2， Zhongshan N. Rd,6,1,2022-05-22 08:30:20,2022-05-22 08:30:51,2022-05-22 08:10:19,2022-05-22
500107071,YouBike2.0_中吉公園(松江路188巷),22,9,中山區,2022-05-22 08:02:11,25.0568,121.53191,松江路188巷11號對側,Zhongshan Dist,YouBike2.0_Zhongji Park(Ln. 188， Songjiang Rd.),No. 11， Ln. 188， Songjiang Rd. (Opposite),13,1,2022-05-22 08:30:20,2022-05-22 08:30:51,2022-05-22 08:02:11,2022-05-22
500107072,YouBike2.0_吉林路123巷口,13,4,中山區,2022-05-22 06:26:37,25.05731,121.53021,吉林路125號前,Zhongshan Dist,YouBike2.0_Ln. 123， Jilin Rd.,No. 125， Jilin Rd.,9,1,2022-05-22 08:30:20,2022-05-22 08:30:51,2022-05-22 06:26:37,2022-05-22
500107074,YouBike2.0_中原民生路口,15,9,中山區,2022-05-22 06:02:38,25.05808,121.52887,民生東路二段33號旁,Zhongshan Dist,YouBike2.0_Zhongyuan St. & Minsheng Rd. Intersection,No. 33， Sec. 2， Minsheng E. Rd.,6,1,2022-05-22 08:30:20,2022-05-22 08:30:51,2022-05-22 06:02:38,2022-05-22
500107075,YouBike2.0_國立臺北大學(臺北校區),30,0,中山區,2022-05-22 08:19:04,25.05794,121.54244,民生東路三段67號前,Zhongshan Dist,YouBike2.0_National Taipei University(Taipei Canpus),No. 67， Sec. 3， Minsheng E. Rd.,30,1,2022-05-22 08:30:20,2022-05-22 08:30:51,2022-05-22 08:19:04,2022-05-22
500107076,YouBike2.0_錦州吉林路口,10,6,中山區,2022-05-22 08:01:12,25.06028,121.52991,錦州街174號前,Zhongshan Dist,YouBike2.0_Jinzhou St. & Jilin Rd. Intersection,No. 174， Jinzhou St.,4,1,2022-05-22 08:30:20,2022-05-22 08:30:51,2022-05-22 08:01:12,2022-05-22
500107077,YouBike2.0_中山北路二段59巷口,12,1,中山區,2022-05-22 08:15:39,25.05606,121.5229,中山北路二段59之3號前,Zhongshan Dist,YouBike2.0_Ln. 59， Sec. 2， Zhongshan N. Rd.,No. 59-3， Sec. 2， Zhongshan N. Rd.,11,1,2022-05-22 08:30:20,2022-05-22 08:30:51,2022-05-22 08:15:39,2022-05-22
500107078,YouBike2.0_永盛公園(民生東路一段23巷),12,3,中山區,2022-05-22 08:27:04,25.05873,121.52488,民生東路一段23巷/民生東路一段27巷口,Zhongshan Dist,YouBike2.0_Yongsheng Park(Ln. 23， Sec. 1， Minsheng E. Rd.),Ln. 23， Sec. 1， Minsheng E. Rd. & Ln. 27， Sec. 1， Minsheng E. Rd. Intersection,9,1,2022-05-22 08:30:20,2022-05-22 08:30:51,2022-05-22 08:27:04,2022-05-22
500107079,YouBike2.0_新生錦州街口,20,6,中山區,2022-05-22 08:21:04,25.05955,121.52744,新生北路二段100號前,Zhongshan Dist,YouBike2.0_Xinsheng Rd. & Jinzhou St. Intersection,No. 100， Sec. 2， Xinsheng N. Rd.,14,1,2022-05-22 08:30:20,2022-05-22 08:30:51,2022-05-22 08:21:04,2022-05-22
500107080,YouBike2.0_濱江街199巷口,15,9,中山區,2022-05-22 08:27:12,25.0734,121.53985,濱江街199巷(八號疏散門前),Zhongshan Dist,YouBike2.0_Ln. 199， Binjiang St.,Ln. 199， Binjiang St.,6,1,2022-05-22 08:30:20,2022-05-22 08:30:51,2022-05-22 08:27:12,2022-05-22
500107081,YouBike2.0_大佳社區公園,15,7,中山區,2022-05-21 21:49:37,25.07275,121.5373,濱江街154巷對側,Zhongshan Dist,YouBike2.0_Dajia Community Park,Ln. 154， Binjiang St. (Opposite),8,1,2022-05-22 08:30:20,2022-05-22 08:30:51,2022-05-21 21:49:37,2022-05-21
500107082,YouBike2.0_濱江果菜市場,22,2,中山區,2022-05-22 08:19:12,25.06807,121.53673,民族東路336號前,Zhongshan Dist,YouBike2.0_Binjiang Fruit and Vegetable Wholesale Market,No. 336， Minzu E. Rd.,20,1,2022-05-22 08:30:20,2022-05-22 08:30:51,2022-05-22 08:19:12,2022-05-22
500107083,YouBike2.0_興安合江路口,19,7,中山區,2022-05-22 08:14:11,25.05619,121.53949,興安街60號對側,Zhongshan Dist,YouBike2.0_Xing'an St. & Hejiang St. Intersection,No. 60， Xing'an St. (Opposite),12,1,2022-05-22 08:30:20,2022-05-22 08:30:51,2022-05-22 08:14:11,2022-05-22
500107084,YouBike2.0_復興北路514巷口東側,10,2,中山區,2022-05-22 08:05:04,25.06597,121.54117,復興北路514巷66號前側,Zhongshan Dist,YouBike2.0_Fuxing Rd. & Longjiang Rd. Intersection,No. 66， Ln. 514， Fuxing N. Rd.,8,1,2022-05-22 08:30:20,2022-05-22 08:30:51,2022-05-22 08:05:04,2022-05-22
500107085,YouBike2.0_台泥大樓,18,5,中山區,2022-05-22 08:26:38,25.06142,121.52305,中山北路二段113-133號前,Zhongshan Dist,YouBike2.0_TCC Building,No. 113-133， Sec. 2， Zhongshan N. Rd.,13,1,2022-05-22 08:30:20,2022-05-22 08:30:51,2022-05-22 08:26:38,2022-05-22
500107086,YouBike2.0_植福樂群路口,10,4,中山區,2022-05-22 07:23:38,25.08303,121.5604,植福路/樂群三路(西北側),Zhongshan Dist,YouBike2.0_Zhifu Rd. & Lequn Rd. Intersection,Zhifu Rd. & Lequn 3rd Rd. Intersection (Northwest),6,1,2022-05-22 08:30:20,2022-05-22 08:30:51,2022-05-22 07:23:38,2022-05-22
500107087,YouBike2.0_新興公園,10,4,中山區,2022-05-22 08:22:12,25.06157,121.52439,錦州街13巷/中山北路二段137巷口(東南側),Zhongshan Dist,YouBike2.0_Xinxing Park,Ln. 13， Jinzhou St. & Ln. 137， Sec. 2， Zhongshan N. Rd. Intersection (Southeast),6,1,2022-05-22 08:30:20,2022-05-22 08:30:51,2022-05-22 08:22:12,2022-05-22
500107088,YouBike2.0_南京伊通街口,11,2,中山區,2022-05-22 08:20:39,25.05189,121.53517,南京東路二段178-1號,Zhongshan Dist,YouBike2.0_Nanjing Rd. & Yitong St. Intersection,No. 178-1， Sec. 2， Nanjing E. Rd.,9,1,2022-05-22 08:30:20,2022-05-22 08:30:51,2022-05-22 08:20:39,2022-05-22
500107089,YouBike2.0_南京龍江路口,15,9,中山區,2022-05-22 07:50:38,25.05205,121.54012,南京東路三段121號前,Zhongshan Dist,YouBike2.0_Nanjing Rd. & Longjiang Rd. Intersection,No. 121， Sec. 3， Nanjing E. Rd.,6,1,2022-05-22 08:30:20,2022-05-22 08:30:51,2022-05-22 07:50:38,2022-05-22
500107090,YouBike2.0_撫順街41巷(崇德宮前),19,4,中山區,2022-05-22 07:33:11,25.06389,121.51916,撫順街41巷1-7號對側,Zhongshan Dist,YouBike2.0_Ln. 41， Fushun St. (Chongde Temple),No. 1-7， Ln. 41， Fushun St.,15,1,2022-05-22 08:30:20,2022-05-22 08:30:51,2022-05-22 07:33:11,2022-05-22
500107091,YouBike2.0_臺北市立圖書館大直分館,20,6,中山區,2022-05-22 08:03:11,25.08152,121.54646,大直街28號對側,Zhongshan Dist,YouBike2.0_Taipei Public Library Dazhi Branch,No. 28， Dazhi St. (Opposite),14,1,2022-05-22 08:30:20,2022-05-22 08:30:51,2022-05-22 08:03:11,2022-05-22
500107092,YouBike2.0_捷運大直站(1號出口),27,17,中山區,2022-05-22 08:20:39,25.0801,121.54708,北安路535之2號旁,Zhongshan Dist,YouBike2.0_MRT Dazhi Sta. (Exit 1),No. 535-2， Bei'an Rd.,9,1,2022-05-22 08:30:20,2022-05-22 08:30:51,2022-05-22 08:20:39,2022-05-22
500107093,YouBike2.0_捷運松江南京站(4號出口),32,20,中山區,2022-05-22 08:23:12,25.0512,121.53312,松江路95-1至109號前方,Zhongshan Dist,YouBike2.0_MRT Songjiang Nanjing Sta. (Exit 4),No.109， Songjiang Rd.,12,1,2022-05-22 08:30:20,2022-05-22 08:30:51,2022-05-22 08:23:12,2022-05-22
500107095,YouBike2.0_中429公園,15,7,中山區,2022-05-22 07:50:17,25.07864,121.55557,敬業三路177巷南側,Zhongshan Dist,YouBike2.0_hong 429 Park,Ln. 177， Jingye 3rd Rd. (South),7,1,2022-05-22 08:30:20,2022-05-22 08:30:51,2022-05-22 07:50:17,2022-05-22
500107096,YouBike2.0_長春路137巷口,16,4,中山區,2022-05-22 08:09:38,25.05791,121.53114,民生東路二段134號前,Zhongshan Dist,YouBike2.0_Ln. 137， Changchun Rd.,No. 134， Sec. 2， Minquan E. Rd.,12,1,2022-05-22 08:30:20,2022-05-22 08:30:51,2022-05-22 08:09:38,2022-05-22
500107097,YouBike2.0_松江民生路口,17,6,中山區,2022-05-22 08:10:19,25.05765,121.53299,松江路208號前,Zhongshan Dist,YouBike2.0_Songjiang Rd. & Minsheng Rd. Intersection,No. 208， Songjiang Rd.,11,1,2022-05-22 08:30:20,2022-05-22 08:30:51,2022-05-22 08:10:19,2022-05-22
500107098,YouBike2.0_松江路132巷口,14,2,中山區,2022-05-22 08:22:38,25.05277,121.53013,吉林路100號對側,Zhongshan Dist,YouBike2.0_Ln. 132， Songjiang Rd.,No. 100， Jilin Rd. (Opposite),12,1,2022-05-22 08:30:20,2022-05-22 08:30:51,2022-05-22 08:22:38,2022-05-22
500107099,YouBike2.0_長春吉林路口,10,6,中山區,2022-05-22 08:29:11,25.05481,121.53032,長春路120號前,Zhongshan Dist,YouBike2.0_Changchun Rd. & Jilin Rd. Intersection,No. 120， Changchun Rd.,4,1,2022-05-22 08:30:20,2022-05-22 08:30:51,2022-05-22 08:29:11,2022-05-22
500107100,YouBike2.0_長春一江街口,11,6,中山區,2022-05-22 07:31:11,25.05488,121.53142,長春路135號前,Zhongshan Dist,YouBike2.0_Changchun Rd. & Yijiang St. Intersection,No. 135， Changchun Rd.,5,1,2022-05-22 08:30:20,2022-05-22 08:30:51,2022-05-22 07:31:11,2022-05-22
500107101,YouBike2.0_捷運松江南京站(8號出口),20,13,中山區,2022-05-22 08:23:38,25.05215,121.53276,南京東路二段101號前,Zhongshan Dist,YouBike2.0_MRT Songjiang Nanjing Sta. (Exit 8),No. 101， Sec. 2， Nanjing E. Rd.,7,1,2022-05-22 08:30:20,2022-05-22 08:30:51,2022-05-22 08:23:38,2022-05-22
500107102,YouBike2.0_南京一江街口,10,4,中山區,2022-05-22 07:04:10,25.05215,121.53171,南京東路二段85號前,Zhongshan Dist,YouBike2.0_Nanjing Rd. & Yijiang St. Intersection,No. 85， Sec. 2， Nanjing E. Rd.,6,1,2022-05-22 08:30:20,2022-05-22 08:30:51,2022-05-22 07:04:10,2022-05-22
500107103,YouBike2.0_松江長春路口,16,10,中山區,2022-05-22 08:00:27,25.05499,121.53295,松江路158號前,Zhongshan Dist,YouBike2.0_Songjiang Rd. & Changchun Rd. Intersection,No. 158， Songjiang Rd.,6,1,2022-05-22 08:30:20,2022-05-22 08:30:51,2022-05-22 08:00:27,2022-05-22
500107104,YouBike2.0_經國七海文化園區,15,6,中山區,2022-05-21 20:43:11,25.07802,121.53511,北安路301號前,Zhongshan Dist,YouBike2.0_Ching-kuo Chi-Hai Culture Park,No. 301， Bei'an Rd.,9,1,2022-05-22 08:30:20,2022-05-22 08:30:51,2022-05-21 20:43:11,2022-05-21
500107105,YouBike2.0_民族玉門街口,20,9,中山區,2022-05-22 07:01:37,25.06873,121.52003,民族西路口與玉門街口東北側,Zhongshan Dist,YouBike2.0_Minzu Rd. & Yumen St. Intersection,Minzu W. Rd. & Yumen St. Intersection (Northeast),11,1,2022-05-22 08:30:20,2022-05-22 08:30:51,2022-05-22 07:01:37,2022-05-22
500107106,YouBike2.0_新生農安街口,15,4,中山區,2022-05-22 08:15:13,25.06493,121.52778,新生北路三段與農安街口(高架橋下),Zhongshan Dist,YouBike2.0_Xinsheng Rd. & Nong'an St. Intersection,Sec. 3， Xinsheng N. Rd. & Nong'an St. Intersection,11,1,2022-05-22 08:30:20,2022-05-22 08:30:51,2022-05-22 08:15:13,2022-05-22
500107107,YouBike2.0_稻江高級護理家事職業學校,14,5,中山區,2022-05-22 06:21:37,25.06532,121.52848,農安街77巷與農安街77巷1弄口,Zhongshan Dist,YouBike2.0_Daojiang Senior High School of Nursing and Home Economics,Ln. 77， Nong'an St. & Aly. 1， Ln. 77， Nong'an St. Intersection,9,1,2022-05-22 08:30:20,2022-05-22 08:30:51,2022-05-22 06:21:37,2022-05-22
500107108,YouBike2.0_捷運大直站(3號出口)_1,18,15,中山區,2022-05-22 08:15:13,25.07934,121.54671,北安路458巷41弄52之1號前,Zhongshan Dist,YouBike2.0_MRT Dazhi Sta.(Exit 3)_1,No. 52-1， Aly. 41， Ln. 458， Bei'an Rd.,3,1,2022-05-22 08:30:20,2022-05-22 08:30:51,2022-05-22 08:15:13,2022-05-22
500107109,YouBike2.0_樂群二明水路口_1,10,6,中山區,2022-05-22 07:46:37,25.07983,121.55236,樂群二路 / 明水路口(東側),Zhongshan Dist,YouBike2.0_Lequn 2nd Rd. & Mingshui Rd. Intersection,Lequn 2nd Rd. & Mingshui Rd. Intersection (East),4,1,2022-05-22 08:30:20,2022-05-22 08:30:51,2022-05-22 07:46:37,2022-05-22
500107110,YouBike2.0_民權吉林路口(南側),16,2,中山區,2022-05-22 08:13:38,25.06245,121.53014,民權東路二段46號前,Zhongshan Dist,YouBike2.0_Minquan Rd. & Jilin Rd. Intersection,No. 46， Sec. 2， Minquan E. Rd.,14,1,2022-05-22 08:30:20,2022-05-22 08:30:51,2022-05-22 08:13:38,2022-05-22
500107111,YouBike2.0_長春龍江路口,24,11,中山區,2022-05-22 08:23:38,25.05473,121.54026,長春路與龍江路口西北側,Zhongshan Dist,YouBike2.0_Changchun Rd. & Longjiang Rd. Intersection,Changchun Rd. & Longjiang Rd. Intersection (Northwest),13,1,2022-05-22 08:30:20,2022-05-22 08:30:51,2022-05-22 08:23:38,2022-05-22
500107112,YouBike2.0_民權新生路口,26,15,中山區,2022-05-22 07:11:10,25.06305,121.52776,民權東路一段/新生北路三段(北側)(新生高架橋下),Zhongshan Dist,YouBike2.0_Minquan Rd. & Xinsheng Rd. Intersection,Sec. 1， Minquan E. Rd. & Sec. 3， Xinsheng N. Rd. Intersection (North),11,1,2022-05-22 08:30:20,2022-05-22 08:30:51,2022-05-22 07:11:10,2022-05-22
500107113,YouBike2.0_建國長春路口(北側),8,1,中山區,2022-05-22 08:24:11,25.05476,121.53693,建國北路/長春路口(北側),Zhongshan Dist,YouBike2.0_Jianguo Rd. & Changchun Rd. Intersection,Jianguo N. Rd. & Changchun Rd. Intersection (North),7,1,2022-05-22 08:30:20,2022-05-22 08:30:51,2022-05-22 08:24:11,2022-05-22
500107114,YouBike2.0_中山行政中心,20,13,中山區,2022-05-22 08:24:11,25.06432,121.53349,松江路/農安街口,Zhongshan Dist,YouBike2.0_Zhongshan District Household Registration Office,Songjiang Rd. & Nong'an St. Intersection,7,1,2022-05-22 08:30:20,2022-05-22 08:30:51,2022-05-22 08:24:11,2022-05-22
500107115,YouBike2.0_臺北市立美術館_1,18,10,中山區,2022-05-22 08:27:37,25.07063,121.52327,中山北路三段(花博流行館前),Zhongshan Dist,YouBike2.0_Taipei Fine Arts Museum_1,Sec. 3， Zhongshan N. Rd. (Pavilion of New Fashion),8,1,2022-05-22 08:30:20,2022-05-22 08:30:51,2022-05-22 08:27:37,2022-05-22
500107116,YouBike2.0_劍潭社區_1,18,9,中山區,2022-05-22 08:13:38,25.08476,121.53789,通北街143號前,Zhongshan Dist,YouBike2.0_Jiantan Community_1,No. 143， Tongbei St.,9,1,2022-05-22 08:30:20,2022-05-22 08:30:51,2022-05-22 08:13:38,2022-05-22
500107118,YouBike2.0_林森公園,20,10,中山區,2022-05-22 08:10:19,25.05223,121.52581,林森北路/南京東路一段,Zhongshan Dist,YouBike2.0_Linsen Park,Linsen N. Rd. ＆ Sec. 1， Nanjing E. Rd. Intersection,10,1,2022-05-22 08:30:20,2022-05-22 08:30:51,2022-05-22 08:10:19,2022-05-22
500108001,YouBike2.0_文湖街21巷118弄口,19,7,內湖區,2022-05-22 08:11:12,25.09122,121.55961,文湖街21巷118弄6-10號(前),Neihu Dist,YouBike2.0_Aly. 118， Ln. 21， Wunhu St.,No. 6-10， Aly. 118， Ln. 21， Wunhu St.,12,1,2022-05-22 08:30:20,2022-05-22 08:30:51,2022-05-22 08:11:12,2022-05-22
500108002,YouBike2.0_北勢湖環保公園,15,6,內湖區,2022-05-22 08:14:11,25.08378,121.56208,內湖路一段66-72號前方公園,Neihu Dist,YouBike2.0_Beishi Lake Environmental Park,No. 66-72， Sec. 1， Neihu Rd.,9,1,2022-05-22 08:30:20,2022-05-22 08:30:51,2022-05-22 08:14:11,2022-05-22
500108003,YouBike2.0_洲子一號公園,43,14,內湖區,2022-05-22 08:16:38,25.07977,121.56454,基湖路37號西側,Neihu Dist,YouBike2.0_Jhouzih No.1 Park,No. 37， Jihu Rd.,28,1,2022-05-22 08:30:20,2022-05-22 08:30:51,2022-05-22 08:16:38,2022-05-22
500108004,YouBike2.0_西康公園,16,5,內湖區,2022-05-22 08:01:12,25.08284,121.56449,內湖路一段225巷口,Neihu Dist,YouBike2.0_Xikang Park,No. 225， Sec 1， Neihu Rd.,11,1,2022-05-22 08:30:20,2022-05-22 08:30:51,2022-05-22 08:01:12,2022-05-22
500108005,YouBike2.0_文湖國小,15,6,內湖區,2022-05-22 08:29:38,25.08637,121.56088,文湖街21巷口北側,Neihu Dist,YouBike2.0_Wenhu Elementary School,Ln. 21， Wunhu St.,9,1,2022-05-22 08:30:20,2022-05-22 08:30:51,2022-05-22 08:29:38,2022-05-22
500108006,YouBike2.0_文湖街81巷10號西側,14,10,內湖區,2022-05-22 07:53:04,25.08707,121.56406,文湖街81巷10號西側,Neihu Dist,YouBike2.0_No. 10， Ln. 81， Wenhu St,No. 10， Ln. 81， Wenhu St.(West),4,1,2022-05-22 08:30:20,2022-05-22 08:30:51,2022-05-22 07:53:04,2022-05-22
500108007,YouBike2.0_德明財經科技大學,19,7,內湖區,2022-05-22 07:51:37,25.08637,121.56574,環山路一段56號南側,Neihu Dist,YouBike2.0_Takming University of Science and Technology,No. 56， Sec. 1， Huanshan Rd.(South),12,1,2022-05-22 08:30:20,2022-05-22 08:30:51,2022-05-22 07:51:37,2022-05-22
500108008,YouBike2.0_麗山國小,15,1,內湖區,2022-05-22 08:22:38,25.08311,121.57155,內湖路一段411巷56號東側,Neihu Dist,YouBike2.0_Lishan Elementary School,Ln. 411， Sec. 1， Neihu Rd.(East),14,1,2022-05-22 08:30:20,2022-05-22 08:30:51,2022-05-22 08:22:38,2022-05-22
500108009,YouBike2.0_麗山高中,15,2,內湖區,2022-05-22 06:38:11,25.08398,121.57725,環山路二段141號北側,Neihu Dist,YouBike2.0_Lishan Senior High School,No. 141， Sec. 2， Huanshan Rd.(North),13,1,2022-05-22 08:30:20,2022-05-22 08:30:51,2022-05-22 06:38:11,2022-05-22
500108010,YouBike2.0_港華五號公園,16,3,內湖區,2022-05-21 19:02:11,25.08522,121.57462,環山路二段81號西北側,Neihu Dist,YouBike2.0_Ganghua 2nd Park,No. 81， Sec. 2， Huanshan Rd.(Northwest),13,1,2022-05-22 08:30:20,2022-05-22 08:30:51,2022-05-21 19:02:11,2022-05-21
500108011,YouBike2.0_大湖國小,25,2,內湖區,2022-05-22 07:54:11,25.08803,121.59958,大湖山莊街/大湖山莊街176巷(東南側),Neihu Dist,YouBike2.0_Dahu Elementary School,Dahu Shanzhuang St & Ln. 176， Dahu Shanzhuang St. (Southeast),23,1,2022-05-22 08:30:20,2022-05-22 08:30:51,2022-05-22 07:54:11,2022-05-22
500108012,YouBike2.0_安湖三號公園,12,0,內湖區,2022-05-22 06:22:04,25.07021,121.61593,東湖路113巷49弄3號北側,Neihu Dist,YouBike2.0_Anhu No.3 Park,No. 3， Aly. 49， Ln. 113， Donghu Rd. (North),12,1,2022-05-22 08:30:20,2022-05-22 08:30:51,2022-05-22 06:22:04,2022-05-22
500108013,YouBike2.0_東湖路113巷95弄,10,4,內湖區,2022-05-22 06:57:10,25.07177,121.61491,東湖路113巷95弄13號西側,Neihu Dist,YouBike2.0_Aly. 95， Ln. 113， Donghu Rd,No. 13， Aly. 95， Ln. 113， Donghu Rd. (West),6,1,2022-05-22 08:30:20,2022-05-22 08:30:51,2022-05-22 06:57:10,2022-05-22
500108014,YouBike2.0_瑞光計程車服務站,20,12,內湖區,2022-05-22 07:29:37,25.0745,121.57389,港墘路221巷2號,Neihu Dist,YouBike2.0_Ruiguangjichengchefuwu Sta,No. 2， Ln. 221， Gangqian Rd.,8,1,2022-05-22 08:30:20,2022-05-22 08:30:51,2022-05-22 07:29:37,2022-05-22
500108015,YouBike2.0_文德三號公園(江南街71巷16弄),15,8,內湖區,2022-05-22 07:52:12,25.07524,121.5772,瑞光路271號東南側,Neihu Dist,YouBike2.0_Wende No. 3 Park,No. 271， Ruiguang Rd. (Southeast),7,1,2022-05-22 08:30:20,2022-05-22 08:30:51,2022-05-22 07:52:12,2022-05-22
500108016,YouBike2.0_捷運大湖公園站(2號出口),22,1,內湖區,2022-05-22 08:25:38,25.08395,121.60185,成功路五段5號東側,Neihu Dist,YouBike2.0_MRT Dahu Park Sta. (Exit 2),No. 5， Sec. 5， Chenggong Rd. (East),21,1,2022-05-22 08:30:20,2022-05-22 08:30:51,2022-05-22 08:25:38,2022-05-22
500108018,YouBike2.0_康寧星雲街口,12,8,內湖區,2022-05-22 07:36:11,25.07958,121.59336,康寧路一段116號,Neihu Dist,YouBike2.0_Kangning Rd & Xingyun St Intersection,No. 116， Sec. 1， Kangning Rd.,4,1,2022-05-22 08:30:20,2022-05-22 08:30:51,2022-05-22 07:36:11,2022-05-22
500108019,YouBike2.0_星雲街47號,15,7,內湖區,2022-05-22 08:10:38,25.07864,121.59177,星雲街47號南側,Neihu Dist,YouBike2.0_No. 47， Xingyun St,No. 47， Xingyun St. (South),8,1,2022-05-22 08:30:20,2022-05-22 08:30:51,2022-05-22 08:10:38,2022-05-22
500108020,YouBike2.0_捷運西湖站(1號出口),35,13,內湖區,2022-05-22 08:18:28,25.08279,121.56687,內湖路一段285巷15號(對面),Neihu Dist,YouBike2.0_MRT Xihu Sta. (Exit 1),No. 15， Ln. 285， Sec. 1， Neihu Rd. (Opposite),22,1,2022-05-22 08:30:20,2022-05-22 08:30:51,2022-05-22 08:18:28,2022-05-22
500108021,YouBike2.0_捷運西湖站(2號出口),12,3,內湖區,2022-05-22 08:22:38,25.08205,121.56716,內湖路一段291號(對面),Neihu Dist,YouBike2.0_MRT Xihu Sta. (Exit 2),No. 291， Sec. 1， Neihu Rd. (Opposite),9,1,2022-05-22 08:30:20,2022-05-22 08:30:51,2022-05-22 08:22:38,2022-05-22
500108022,YouBike2.0_洲子二號公園,38,24,內湖區,2022-05-22 08:25:12,25.07932,121.56869,瑞光路500號(對面),Neihu Dist,YouBike2.0_Zhouzi No. 2 Park,No. 500， Ruiguang Rd. (Opposite),14,1,2022-05-22 08:30:20,2022-05-22 08:30:51,2022-05-22 08:25:12,2022-05-22
500108023,YouBike2.0_港都公園,15,3,內湖區,2022-05-22 08:27:37,25.08296,121.5752,港華街57號(對面),Neihu Dist,YouBike2.0_Gangdu Park,No. 57， Ganghua St. (Opposite),12,1,2022-05-22 08:30:20,2022-05-22 08:30:51,2022-05-22 08:27:37,2022-05-22
500108024,YouBike2.0_環山路二段26巷口,29,16,內湖區,2022-05-22 07:38:37,25.08598,121.572,環山路二段/環山路二段26巷(西南側),Neihu Dist,YouBike2.0_Ln. 26， Sec. 2， Huanshan Rd Intersection,Sec. 2， Huanshan Rd & Ln. 26， Sec. 2， Huanshan Rd (Southwest),13,1,2022-05-22 08:30:20,2022-05-22 08:30:51,2022-05-22 07:38:37,2022-05-22
500108025,YouBike2.0_成功金龍路口,17,2,內湖區,2022-05-22 08:18:04,25.08436,121.59478,成功路四段188號,Neihu Dist,YouBike2.0_Chenggong Rd & Jinlong Rd Intersection,No. 188， Sec. 4， Chenggong Rd.,15,1,2022-05-22 08:30:20,2022-05-22 08:30:51,2022-05-22 08:18:04,2022-05-22
500108026,YouBike2.0_碧山公園,15,14,內湖區,2022-05-22 08:25:12,25.0878,121.59227,內湖路三段60巷28號東側,Neihu Dist,YouBike2.0_Bishan Park,No. 28， Ln. 60， Sec. 3， Neihu Rd. (East),1,1,2022-05-22 08:30:20,2022-05-22 08:30:51,2022-05-22 08:25:12,2022-05-22
500108027,YouBike2.0_金瑞公園,15,0,內湖區,2022-05-22 08:23:04,25.08785,121.5879,金龍路203-8號北側,Neihu Dist,YouBike2.0_Jinrui Park,No. 203-8， Jinlong Rd. (North),14,1,2022-05-22 08:30:20,2022-05-22 08:30:51,2022-05-22 08:23:04,2022-05-22
500108028,YouBike2.0_捷運文德站(2號出口),17,14,內湖區,2022-05-22 08:21:12,25.07842,121.58464,文德路212號旁,Neihu Dist,YouBike2.0_MRT Wende Sta. (Exit 2),No. 212， Wende Rd.,3,1,2022-05-22 08:30:20,2022-05-22 08:30:51,2022-05-22 08:21:12,2022-05-22
500108029,YouBike2.0_陽光公園,16,5,內湖區,2022-05-21 19:25:12,25.07695,121.58764,陽光街與文德路220巷口西側,Neihu Dist,YouBike2.0_Yangguang Park,Yangguang St & Ln. 220， Wende Rd Intersection,11,1,2022-05-22 08:30:20,2022-05-22 08:30:51,2022-05-21 19:25:12,2022-05-21
500108030,YouBike2.0_文德二號公園(南側),13,2,內湖區,2022-05-22 08:15:39,25.07504,121.58375,陽光街與陽光街68巷102弄口,Neihu Dist,YouBike2.0_Wende No.2 Park (South),Aly. 102， Ln. 68， Yangguang St & Yangguang St Intersection,10,1,2022-05-22 08:30:20,2022-05-22 08:30:51,2022-05-22 08:15:39,2022-05-22
500108031,YouBike2.0_文德二號公園(北側),15,9,內湖區,2022-05-22 08:09:38,25.07758,121.58381,文德路210巷12號對側,Neihu Dist,YouBike2.0_Wende No.2 Park (North),No. 12， Ln. 210， Wende Rd. (Opposite),6,1,2022-05-22 08:30:20,2022-05-22 08:30:51,2022-05-22 08:09:38,2022-05-22
500108032,YouBike2.0_瑞陽公園,12,6,內湖區,2022-05-22 08:06:37,25.07777,121.57961,文德路22巷6號(對面),Neihu Dist,YouBike2.0_Ruiyang Park,No. 6， Ln. 22， Wende Rd. (Opposite),6,1,2022-05-22 08:30:20,2022-05-22 08:30:51,2022-05-22 08:06:37,2022-05-22
500108033,YouBike2.0_湖光國宅,14,3,內湖區,2022-05-22 07:50:17,25.07538,121.58079,文德路22巷與文德路22巷74弄口,Neihu Dist,YouBike2.0_Hu Guang Public House,Ln. 22， Wende Rd & No. 1， Aly. 74， Ln. 22， Wende Rd Intersection,11,1,2022-05-22 08:30:20,2022-05-22 08:30:51,2022-05-22 07:50:17,2022-05-22
500108034,YouBike2.0_潭美街213號,12,2,內湖區,2022-05-21 18:59:38,25.05575,121.58486,潭美街213號南側,Neihu Dist,YouBike2.0_No. 213， Tanmei St.,No. 213， Tanmei St. (South),10,1,2022-05-22 08:30:20,2022-05-22 08:30:51,2022-05-21 18:59:38,2022-05-21
500108035,YouBike2.0_南京東路六段180號,21,8,內湖區,2022-05-22 06:55:38,25.0559,121.57991,南京東路六段180號北側,Neihu Dist,YouBike2.0_No. 180， Sec. 6， Nanjing E. Rd.,No. 180， Sec. 6， Nanjing E. Rd. (North),13,1,2022-05-22 08:30:20,2022-05-22 08:30:51,2022-05-22 06:55:38,2022-05-22
500108036,YouBike2.0_潭美國小(南京舊宗路口),16,1,內湖區,2022-05-22 08:03:11,25.05768,121.58159,行善路179號南側,Neihu Dist,YouBike2.0_Tanmei Elementary School (Nanjing Rd. & Jiuzong Rd. Intersection,No. 179， Xingshan Rd. (South),15,1,2022-05-22 08:30:20,2022-05-22 08:30:51,2022-05-22 08:03:11,2022-05-22
500108037,YouBike2.0_新明路343號,12,2,內湖區,2022-05-22 08:22:12,25.05653,121.58345,新明路341號北側,Neihu Dist,YouBike2.0_No. 343， Xinming Rd.,No. 343， Xinming Rd. (North),10,1,2022-05-22 08:30:20,2022-05-22 08:30:51,2022-05-22 08:22:12,2022-05-22
500108038,YouBike2.0_週美里活動廣場,12,6,內湖區,2022-05-22 01:02:28,25.05439,121.58147,潭美街100號,Neihu Dist,YouBike2.0_Zhoumei Community Center,No. 100， Tanmei St.,6,1,2022-05-22 08:30:20,2022-05-22 08:30:51,2022-05-22 01:02:28,2022-05-22
500108039,YouBike2.0_內湖行政中心,25,15,內湖區,2022-05-22 08:03:11,25.06915,121.58898,民權東路六段99號(前),Neihu Dist,YouBike2.0_Neihu District Office,No. 99， Sec. 6， Minquan E. Rd.,10,1,2022-05-22 08:30:20,2022-05-22 08:30:51,2022-05-22 08:03:11,2022-05-22
500108040,YouBike2.0_樂康公園,20,6,內湖區,2022-05-22 08:14:37,25.07007,121.62055,康樂街61巷73弄22-1號南側,Neihu Dist,YouBike2.0_Lekang Park,No. 22-1， Aly. 73， Ln. 61， Kangle St. (South),14,1,2022-05-22 08:30:20,2022-05-22 08:30:51,2022-05-22 08:14:37,2022-05-22
500108041,YouBike2.0_安康路32巷24弄,21,1,內湖區,2022-05-21 19:04:04,25.06181,121.59447,安康路32巷24弄22號,Neihu Dist,YouBike2.0_Aly. 24， Ln. 32， Ankang Rd.,No. 22， Aly. 24， Ln. 32， Ankang Rd.,20,1,2022-05-22 08:30:20,2022-05-22 08:30:51,2022-05-21 19:04:04,2022-05-21
500108043,YouBike2.0_明美公園,12,5,內湖區,2022-05-22 08:29:38,25.06256,121.58607,石潭路27號南側,Neihu Dist,YouBike2.0_Mingmei Park,No. 27， Shitan Rd. (South),7,1,2022-05-22 08:30:20,2022-05-22 08:30:51,2022-05-22 08:29:38,2022-05-22
500108044,YouBike2.0_南京東路六段368巷,15,5,內湖區,2022-05-22 08:24:11,25.05827,121.58707,南京東路六段382號西南側,Neihu Dist,YouBike2.0_Ln. 368， Sec. 6， Nanjing E. Rd.,No. 382， Sec. 6， Nanjing E. Rd. (Southwest),10,1,2022-05-22 08:30:20,2022-05-22 08:30:51,2022-05-22 08:24:11,2022-05-22
500108045,YouBike2.0_新明成功路口,18,8,內湖區,2022-05-22 08:14:11,25.06058,121.5911,新明路22號,Neihu Dist,YouBike2.0_Xinming Rd. & Chenggong Rd. Intersection,No. 22， Xinming Rd.,10,1,2022-05-22 08:30:20,2022-05-22 08:30:51,2022-05-22 08:14:11,2022-05-22
500108046,YouBike2.0_民權瑞光路口,20,7,內湖區,2022-05-22 07:59:10,25.06835,121.58323,民權東路六段50號,Neihu Dist,YouBike2.0_Minquan E. Rd. & Ruiguang Rd. Intersection,No. 50， Sec. 6， Minquan E. Rd.,13,1,2022-05-22 08:30:20,2022-05-22 08:30:51,2022-05-22 07:59:10,2022-05-22
500108047,YouBike2.0_瑞光公共住宅(瑞光路),18,7,內湖區,2022-05-22 06:48:11,25.07335,121.57951,瑞光路160號,Neihu Dist,YouBike2.0_Ruiguang Public Housing (Ruiguang Rd),No. 160， Ruiguang Rd.,10,1,2022-05-22 08:30:20,2022-05-22 08:30:51,2022-05-22 06:48:11,2022-05-22
500108048,YouBike2.0_民權東路六段15巷,17,8,內湖區,2022-05-22 06:46:10,25.06853,121.57813,民權東路六段15巷29號,Neihu Dist,YouBike2.0_Ln. 15， Sec. 6， Minquan E. Rd.,No. 29， Ln. 15， Sec. 6， Minquan E. Rd.,9,1,2022-05-22 08:30:20,2022-05-22 08:30:51,2022-05-22 06:46:10,2022-05-22
500108049,YouBike2.0_扶輪親恩公園,17,5,內湖區,2022-05-22 07:40:17,25.06709,121.58002,民權東路六段30號,Neihu Dist,YouBike2.0_Rotary Park,No. 30， Sec. 6， Minquan E. Rd.,12,1,2022-05-22 08:30:20,2022-05-22 08:30:51,2022-05-22 07:40:17,2022-05-22
500108050,YouBike2.0_新湖三民善街口,15,10,內湖區,2022-05-22 06:54:37,25.06286,121.57497,新湖三路36號,Neihu Dist,YouBike2.0_Xinhu 3rd Rd & Minshan St Intersection,No. 36， Xinhu 3rd Rd.,5,1,2022-05-22 08:30:20,2022-05-22 08:30:51,2022-05-22 06:54:37,2022-05-22
500108051,YouBike2.0_內湖119號綠地,24,5,內湖區,2022-05-22 08:25:38,25.05594,121.57865,南京東路六段125號南側,Neihu Dist,YouBike2.0_No.119 Neihu Greens,No. 125， Sec. 6， Nanjing E. Rd. (South),19,1,2022-05-22 08:30:20,2022-05-22 08:30:51,2022-05-22 08:25:38,2022-05-22
500108052,YouBike2.0_行善公園,15,3,內湖區,2022-05-22 08:11:38,25.05301,121.57592,潭美街27號西側,Neihu Dist,YouBike2.0_Xingshan Park,No. 27， Tanmei St. (West),12,1,2022-05-22 08:30:20,2022-05-22 08:30:51,2022-05-22 08:11:38,2022-05-22
500108054,YouBike2.0_三軍總醫院,14,4,內湖區,2022-05-22 08:25:12,25.07151,121.58991,成功路二段424號(對面),Neihu Dist,YouBike2.0_Tri-Service General Hospital,No. 424， Sec. 2， Chenggong Rd. (Opposite),9,1,2022-05-22 08:30:20,2022-05-22 08:30:51,2022-05-22 08:25:12,2022-05-22
500108055,YouBike2.0_福華商場,20,14,內湖區,2022-05-22 08:29:38,25.06877,121.59265,民權東路六段/民權東路六段180巷(西南側),Neihu Dist,YouBike2.0_Fuhua Market,Sec. 6， Minquan E. Rd. / Ln. 180， Sec. 6， Minquan E. Rd. (Southwest),6,1,2022-05-22 08:30:20,2022-05-22 08:30:51,2022-05-22 08:29:38,2022-05-22
500108056,YouBike2.0_臺北市網球中心,16,7,內湖區,2022-05-22 08:00:27,25.0674,121.59749,民權東路六段208號(前),Neihu Dist,YouBike2.0_Taipei Tennis Center,No. 208， Sec. 6， Minquan E. Rd.,9,1,2022-05-22 08:30:20,2022-05-22 08:30:51,2022-05-22 08:00:27,2022-05-22
500108057,YouBike2.0_捷運葫洲站(1號出口),15,15,內湖區,2022-05-22 08:26:04,25.07249,121.60796,康寧路三段39號(對面),Neihu Dist,YouBike2.0_MRT Huzhou Sta. (Exit 1),No. 39， Sec. 3， Kangning Rd. (Opposite),0,1,2022-05-22 08:30:20,2022-05-22 08:30:51,2022-05-22 08:26:04,2022-05-22
500108058,YouBike2.0_麗湖國小,12,5,內湖區,2022-05-22 08:17:37,25.07332,121.60223,金湖路363巷11號(對面),Neihu Dist,YouBike2.0_Lihu Elementary School,No. 11， Ln. 363， Jinhu Rd. (Opposite),6,1,2022-05-22 08:30:20,2022-05-22 08:30:51,2022-05-22 08:17:37,2022-05-22
500108059,YouBike2.0_金湖路347巷125弄口,15,3,內湖區,2022-05-21 18:39:11,25.0733,121.59834,金湖路347巷125弄1號(對面),Neihu Dist,YouBike2.0_Aly. 125， Ln. 347， Jinhu Rd. Intersection,No. 1， Aly. 125， Ln. 347， Jinhu Rd. (Opposite),12,1,2022-05-22 08:30:20,2022-05-22 08:30:51,2022-05-21 18:39:11,2022-05-21
500108060,YouBike2.0_碧湖公園,15,7,內湖區,2022-05-22 07:50:17,25.07988,121.58287,內湖路二段/內湖路二段103巷口(東北側),Neihu Dist,YouBike2.0_Bihu Park,Sec. 2， Neihu Rd. / Ln. 103， Sec. 2， Neihu Rd. (Northeast),8,1,2022-05-22 08:30:20,2022-05-22 08:30:51,2022-05-22 07:50:17,2022-05-22
500108061,YouBike2.0_碧湖公園(內湖路二段103巷),19,5,內湖區,2022-05-22 08:26:12,25.08317,121.58109,內湖路二段103巷76號(對面),Neihu Dist,YouBike2.0_Bihu Park (Ln. 103， Sec. 2， Neihu Rd.),No. 76， Ln. 103， Sec. 2， Neihu Rd. (Opposite),14,1,2022-05-22 08:30:20,2022-05-22 08:30:51,2022-05-22 08:26:12,2022-05-22
500108062,YouBike2.0_貿七社區,17,7,內湖區,2022-05-22 08:02:37,25.08357,121.58534,內湖路二段179巷48弄17號(旁),Neihu Dist,YouBike2.0_Maoqi Community,No. 17， Aly. 48， Ln. 179， Sec. 2， Neihu Rd.,10,1,2022-05-22 08:30:20,2022-05-22 08:30:51,2022-05-22 08:02:37,2022-05-22
500108063,YouBike2.0_內湖區農會,12,7,內湖區,2022-05-22 08:06:11,25.08165,121.58891,內湖路二段334號(前),Neihu Dist,YouBike2.0_Neihu District Farmers' Association,No. 334， Sec. 2， Neihu Rd.,5,1,2022-05-22 08:30:20,2022-05-22 08:30:51,2022-05-22 08:06:11,2022-05-22
500108064,YouBike2.0_捷運內湖站(2號出口),10,2,內湖區,2022-05-22 08:29:04,25.0835,121.59454,成功路四段167巷6弄2號(旁),Neihu Dist,YouBike2.0_MRT Neihu Sta. (Exit 2),No. 2， Aly. 6， Ln. 167， Sec. 4， Chenggong Rd.,5,1,2022-05-22 08:30:20,2022-05-22 08:30:51,2022-05-22 08:29:04,2022-05-22
500108065,YouBike2.0_康寧金湖路口,14,1,內湖區,2022-05-22 07:59:10,25.07896,121.59921,康寧路一段273號(對面),Neihu Dist,YouBike2.0_Kangning Rd. & Jinhu Rd. Intersection,No. 273， Sec. 1， Kangning Rd. (Opposite),13,1,2022-05-22 08:30:20,2022-05-22 08:30:51,2022-05-22 07:59:10,2022-05-22
500108066,YouBike2.0_康寧路一段156巷20弄口,17,4,內湖區,2022-05-22 05:23:11,25.07792,121.59354,康寧路一段156巷/康寧路一段156巷20弄(西側),Neihu Dist,YouBike2.0_Aly. 20， Ln. 156， Sec. 1， Kangning Rd. Intersection,Ln. 156， Sec. 1， Kangning Rd. / Aly. 20， Ln. 156， Sec. 1， Kangning Rd. (West),13,1,2022-05-22 08:30:20,2022-05-22 08:30:51,2022-05-22 05:23:11,2022-05-22
500108067,YouBike2.0_安康公園,19,0,內湖區,2022-05-03 16:35:21,25.06657,121.6136,五分街14巷31號(對面),Neihu Dist,YouBike2.0_Ankang Park,No. 31， Ln. 14， Wufen St. (Opposite),19,0,2022-05-22 08:30:20,2022-05-22 08:30:51,2022-05-03 16:35:21,2022-05-03
500108068,YouBike2.0_安泰街83巷,12,7,內湖區,2022-05-22 07:15:38,25.07669,121.61709,安泰街83巷3號(對面),Neihu Dist,YouBike2.0_Ln. 83， Antai St.,No. 3， Ln. 83， Antai St. (Opposite),5,1,2022-05-22 08:30:20,2022-05-22 08:30:51,2022-05-22 07:15:38,2022-05-22
500108069,YouBike2.0_內溝溪生態展示館,8,8,內湖區,2022-05-22 07:51:04,25.08722,121.62306,康樂街236-3號(前),Neihu Dist,YouBike2.0_Neigousi Ecological Exhibition Hall,No. 236-3， Kangle St.,0,1,2022-05-22 08:30:20,2022-05-22 08:30:51,2022-05-22 07:51:04,2022-05-22
500108070,YouBike2.0_捷運港墘站(2號出口),15,12,內湖區,2022-05-22 08:14:11,25.07967,121.57584,內湖路一段520號,Neihu Dist,YouBike2.0_MRT Gangqian Sta. (Exit 2),No. 520， Sec. 1， Neihu Rd.,3,1,2022-05-22 08:30:20,2022-05-22 08:30:51,2022-05-22 08:14:11,2022-05-22
500108071,YouBike2.0_東湖國中,16,3,內湖區,2022-05-22 08:17:37,25.07334,121.61962,康樂街125巷4號(對面),Neihu Dist,YouBike2.0_Dong Hu Junior High School,No. 4， Ln. 125， Kangle St. (Opposite),13,1,2022-05-22 08:30:20,2022-05-22 08:30:51,2022-05-22 08:17:37,2022-05-22
500108072,YouBike2.0_石潭公園(安康路),20,9,內湖區,2022-05-22 06:16:10,25.06261,121.59334,安康路28號西北側,Neihu Dist,YouBike2.0_Shitan Park (Ankang Rd.),No. 28， Ankang Rd. (Northwest),11,1,2022-05-22 08:30:20,2022-05-22 08:30:51,2022-05-22 06:16:10,2022-05-22
500108073,YouBike2.0_內湖垃圾焚化廠,20,9,內湖區,2022-05-22 08:20:39,25.06209,121.60347,安康路290號西側,Neihu Dist,YouBike2.0_Neihu Refuse Incineration Plant,No. 290， Ankang Rd. (West),11,1,2022-05-22 08:30:20,2022-05-22 08:30:51,2022-05-22 08:20:39,2022-05-22
500108074,YouBike2.0_康寧公園(北側),20,8,內湖區,2022-05-22 00:38:11,25.06927,121.61019,康寧路三段60號南側,Neihu Dist,YouBike2.0_Kangning Park (North),No. 60， Sec. 3， Kangning Rd. (South),12,1,2022-05-22 08:30:20,2022-05-22 08:30:51,2022-05-22 00:38:11,2022-05-22
500108075,YouBike2.0_康寧路三段54巷口,15,4,內湖區,2022-05-22 07:37:37,25.0716,121.60936,康寧路三段54-5號西側,Neihu Dist,YouBike2.0_Ln. 54， Sec. 3， Kangning Rd. Intersection,No. 54-5， Sec. 3， Kangning Rd. (West),11,1,2022-05-22 08:30:20,2022-05-22 08:30:51,2022-05-22 07:37:37,2022-05-22
500108076,YouBike2.0_行善路25巷口,14,9,內湖區,2022-05-22 08:10:19,25.05707,121.57658,行善路39號(前),Neihu Dist,YouBike2.0_Ln. 25， Xingshan Rd. Intersection,No. 39， Xingshan Rd.,5,1,2022-05-22 08:30:20,2022-05-22 08:30:51,2022-05-22 08:10:19,2022-05-22
500108077,YouBike2.0_新明路460巷口,15,1,內湖區,2022-05-22 07:58:04,25.05503,121.57823,南京東路六段122號(斜前方),Neihu Dist,YouBike2.0_Ln. 460， Xinming Rd. Intersection,No. 122， Sec. 6， Nanjing E. Rd. ((Front right)),14,1,2022-05-22 08:30:20,2022-05-22 08:30:51,2022-05-22 07:58:04,2022-05-22
500108078,YouBike2.0_下灣公園,10,4,內湖區,2022-05-22 07:40:17,25.06516,121.59561,民權東路六段206巷/民權東路六段190巷75弄(西北側),Neihu Dist,YouBike2.0_Xiawan Park,Ln. 206， Sec. 6， Minquan E. Rd. & Aly. 75， Ln. 190， Sec. 6， Minquan E. Rd. (Northwest),6,1,2022-05-22 08:30:20,2022-05-22 08:30:51,2022-05-22 07:40:17,2022-05-22
500108079,YouBike2.0_民權東路六段245巷口,12,4,內湖區,2022-05-22 02:38:10,25.06708,121.60059,民權東路六段247號(前),Neihu Dist,YouBike2.0_Ln. 245， Sec. 6， Minquan E. Rd. Intersection,No. 247， Sec. 6， Minquan E. Rd.,8,1,2022-05-22 08:30:20,2022-05-22 08:30:51,2022-05-22 02:38:10,2022-05-22
500108080,YouBike2.0_星雲金湖街口,14,7,內湖區,2022-05-21 20:26:11,25.08086,121.59737,星雲街210巷11-15號旁,Neihu Dist,YouBike2.0_Singyun St. & Jinhu Rd. Intersection,No. 11-15， Ln. 210， Singyun St.,7,1,2022-05-22 08:30:20,2022-05-22 08:30:51,2022-05-21 20:26:11,2022-05-21
500108081,YouBike2.0_東湖國小,10,5,內湖區,2022-05-22 08:26:38,25.06854,121.61532,東湖路與東湖路113巷口東側,Neihu Dist,YouBike2.0_Donghu Elementary School,Donghu Rd.& Ln. 113， Donghu Rd. Intersection (East),5,1,2022-05-22 08:30:20,2022-05-22 08:30:51,2022-05-22 08:26:38,2022-05-22
500108082,YouBike2.0_捷運內湖站(1號出口),10,3,內湖區,2022-05-22 08:29:11,25.08373,121.59406,成功路四段182巷/成功路四段口(西側),Neihu Dist,YouBike2.0_MRT Neihu Sta. (Exit.1),Ln. 182， Sec. 4， Chenggong Rd. & Sec. 4， Chenggong Rd. Intersection (West),7,1,2022-05-22 08:30:20,2022-05-22 08:30:51,2022-05-22 08:29:11,2022-05-22
500108083,YouBike2.0_瑞光港墘路口,12,1,內湖區,2022-05-22 07:01:11,25.07611,121.57487,港墘路185號前,Neihu Dist,YouBike2.0_Rueiguang Rd. & Gangcian Rd. Intersection,No. 185， Gangcian Rd.,11,1,2022-05-22 08:30:20,2022-05-22 08:30:51,2022-05-22 07:01:11,2022-05-22
500108084,YouBike2.0_瑞湖陽光街口,11,5,內湖區,2022-05-22 06:55:16,25.07296,121.57603,瑞湖街101號對側,Neihu Dist,YouBike2.0_Rueihu St. & Yangguang St. Intersection,No. 101， Rueihu St. (Opposite),6,1,2022-05-22 08:30:20,2022-05-22 08:30:51,2022-05-22 06:55:16,2022-05-22
500108085,YouBike2.0_金龍公園,15,3,內湖區,2022-05-22 07:38:11,25.08554,121.59076,金龍路112巷口(金龍公園側),Neihu Dist,YouBike2.0_Jinlong Park,Ln. 112， Jinlong Rd.,12,1,2022-05-22 08:30:20,2022-05-22 08:30:51,2022-05-22 07:38:11,2022-05-22
500108086,YouBike2.0_星雲街138巷1弄口,15,2,內湖區,2022-05-22 08:13:11,25.07943,121.59544,星雲街138巷18號,Neihu Dist,YouBike2.0_Aly. 1， Ln. 138， Xingyun St.,No. 12， Ln. 138， Xingyun St.,13,1,2022-05-22 08:30:20,2022-05-22 08:30:51,2022-05-22 08:13:11,2022-05-22
500108087,YouBike2.0_東湖一號公園,10,2,內湖區,2022-05-22 07:56:11,25.07567,121.6118,康寧路三段189巷163弄13號東南側,Neihu Dist,YouBike2.0_Donghu No. 1 Park,No. 13， Aly. 163， Ln. 189， Sec. 3， Kangning Rd. (Southeast),8,1,2022-05-22 08:30:20,2022-05-22 08:30:51,2022-05-22 07:56:11,2022-05-22
500108088,YouBike2.0_東湖二號公園,15,2,內湖區,2022-05-22 07:27:37,25.07415,121.61075,康寧路三段99巷39弄70號東南側,Neihu Dist,YouBike2.0_Donghu No. 2 Park,No. 70， Aly. 39， Ln. 99， Sec. 3， Kangning Rd. (Southeast),13,1,2022-05-22 08:30:20,2022-05-22 08:30:51,2022-05-22 07:27:37,2022-05-22
500108089,YouBike2.0_康湖二號公園(康寧醫院),16,1,內湖區,2022-05-22 07:21:04,25.07514,121.60857,成功路五段420巷17號東側,Neihu Dist,YouBike2.0_Kanghu No. 2 Park(Kang-Ning General Hospital),No. 17， Ln. 420， Sec. 5， Chenggong Rd. (East),15,1,2022-05-22 08:30:20,2022-05-22 08:30:51,2022-05-22 07:21:04,2022-05-22
500108090,YouBike2.0_堤頂大道新湖一路口,13,6,內湖區,2022-05-21 20:49:11,25.05892,121.57354,堤頂大道一段215號前,Neihu Dist,YouBike2.0_Tiding Blvd. & Xinhu 1st Rd. Intersection,No. 215， Sec. 1， Tiding Blvd.,7,1,2022-05-22 08:30:20,2022-05-22 08:30:51,2022-05-21 20:49:11,2022-05-21
500108091,YouBike2.0_下灣公園(成功路),16,3,內湖區,2022-05-22 07:36:37,25.06682,121.5907,成功路二段189號北側,Neihu Dist,YouBike2.0_Xiawan Park,No. 189， Sec. 2， Chenggong Rd. (North),13,1,2022-05-22 08:30:20,2022-05-22 08:30:51,2022-05-22 07:36:37,2022-05-22
500108092,YouBike2.0_舊宗行善路口,9,6,內湖區,2022-05-22 08:26:38,25.05876,121.58062,行善路179號西側,Neihu Dist,YouBike2.0_Jiuzong Rd. & Xingshan Rd. Intersection,No. 179， Xingshan Rd.,3,1,2022-05-22 08:30:20,2022-05-22 08:30:51,2022-05-22 08:26:38,2022-05-22
500108093,YouBike2.0_新湖二路250巷口,20,13,內湖區,2022-05-22 07:25:11,25.06455,121.58262,新湖二路/新湖二路250巷(西南側),Neihu Dist,YouBike2.0_Ln. 250， Xinhu 2nd Rd.,Xinhu 2nd Rd. & Ln. 250， Xinhu 2nd Rd. Intersection (Southwest),7,1,2022-05-22 08:30:20,2022-05-22 08:30:51,2022-05-22 07:25:11,2022-05-22
500108094,YouBike2.0_成功路四段41巷口,12,4,內湖區,2022-05-22 07:29:10,25.08105,121.59205,成功路四段41巷6號前側,Neihu Dist,YouBike2.0_Ln. 41， Sec. 4， Chenggong Rd.,No. 6， Ln. 41， Sec. 4， Chenggong Rd.,8,1,2022-05-22 08:30:20,2022-05-22 08:30:51,2022-05-22 07:29:10,2022-05-22
500108095,YouBike2.0_金湖星雲街口,30,23,內湖區,2022-05-22 06:33:10,25.08151,121.59764,金湖路83號對側,Neihu Dist,YouBike2.0_Jinhu Rd. & Xingyun St. Intersection,No. 83， Jinhu Rd. (Opposite),7,1,2022-05-22 08:30:20,2022-05-22 08:30:51,2022-05-22 06:33:10,2022-05-22
500108096,YouBike2.0_國防醫學院,15,5,內湖區,2022-05-21 22:18:37,25.06851,121.59559,民權東路六段161號前側,Neihu Dist,YouBike2.0_National Defense Medical Center,No. 161， Sec. 6， Minquan E. Rd.,10,1,2022-05-22 08:30:20,2022-05-22 08:30:51,2022-05-21 22:18:37,2022-05-21
500108097,YouBike2.0_民權東路六段190巷117弄口,15,5,內湖區,2022-05-22 08:20:39,25.06434,121.59399,民權東路六段190巷117弄15號對側,Neihu Dist,YouBike2.0_Aly. 117， Ln. 190， Sec. 6， Minquan E. Rd.,No. 15， Aly. 117， Ln. 190， Sec. 6， Minquan E. Rd.,10,1,2022-05-22 08:30:20,2022-05-22 08:30:51,2022-05-22 08:20:39,2022-05-22
500108098,YouBike2.0_內湖運動中心,21,6,內湖區,2022-05-22 08:07:38,25.07848,121.57493,洲子街12號前,Neihu Dist,YouBike2.0_Taipei Neihu Sports Center,No. 12， Zhouzi St.,15,1,2022-05-22 08:30:20,2022-05-22 08:30:51,2022-05-22 08:07:38,2022-05-22
500108099,YouBike2.0_九華公園,16,10,內湖區,2022-05-22 08:28:38,25.08844,121.56122,文湖街21巷68弄25-6號北側,Neihu Dist,YouBike2.0_Jiuhua Park,No. 25-6， Aly. 68， Ln. 21， Wenhu St. (North),5,1,2022-05-22 08:30:20,2022-05-22 08:30:51,2022-05-22 08:28:38,2022-05-22
500108100,YouBike2.0_內湖路二段179巷口,16,3,內湖區,2022-05-22 01:43:38,25.08454,121.584,內湖路二段179巷242號對側,Neihu Dist,YouBike2.0_Ln. 179， Sec. 2， Neihu Rd.,No. 242， Ln. 179， Sec. 2， Neihu Rd. (Opposite),13,1,2022-05-22 08:30:20,2022-05-22 08:30:51,2022-05-22 01:43:38,2022-05-22
500108102,YouBike2.0_行善行愛路口,12,7,內湖區,2022-05-22 07:19:10,25.0606,121.58286,行善路243號(前),Neihu Dist,YouBike2.0_Xingshan Rd. & Xing'ai Rd. Intersection,No. 243， Xingshan Rd.,5,1,2022-05-22 08:30:20,2022-05-22 08:30:51,2022-05-22 07:19:10,2022-05-22
500108103,YouBike2.0_民善新湖二路口(家樂福內湖店),23,13,內湖區,2022-05-22 08:15:39,25.06017,121.57552,民善街88號(旁),Neihu Dist,YouBike2.0_Xinhu 2nd Rd. & Minshan St. Intersection (Carrefour),No. 88， Minshan St.,10,1,2022-05-22 08:30:20,2022-05-22 08:30:51,2022-05-22 08:15:39,2022-05-22
500108104,YouBike2.0_統振大樓,25,14,內湖區,2022-05-21 18:10:38,25.06007,121.60138,安美街181號前,Neihu Dist,YouBike2.0_Welldone Building,No. 181， Anmei St.,11,1,2022-05-22 08:30:20,2022-05-22 08:30:51,2022-05-21 18:10:38,2022-05-21
500108105,YouBike2.0_陽光街161巷口,16,7,內湖區,2022-05-22 06:34:37,25.07433,121.58584,陽光街161巷14號對側,Neihu Dist,YouBike2.0_Ln. 161， Yangguang St. Intersection,No. 14， Ln. 161， Yangguang St. (Opposite),9,1,2022-05-22 08:30:20,2022-05-22 08:30:51,2022-05-22 06:34:37,2022-05-22
500108106,YouBike2.0_潭美公園(南京東路六段368巷),12,4,內湖區,2022-05-22 08:07:38,25.05928,121.58617,南京東路六段366號對側,Neihu Dist,YouBike2.0_Tanmei Park (Ln. 368， Sec. 6， Nanjing E. Rd.),No. 366， Sec. 6， Nanjing E. Rd. (Opposite),8,1,2022-05-22 08:30:20,2022-05-22 08:30:51,2022-05-22 08:07:38,2022-05-22
500108107,YouBike2.0_西康二號公園,21,9,內湖區,2022-05-21 21:18:11,25.08503,121.5637,文湖街60巷/環山路一段24巷(北側),Neihu Dist,YouBike2.0_Xikang No. 2 Park,Ln. 60， Wenhu St. & Ln. 24， Sec. 1， Huanshan Rd. Intersection (North),12,1,2022-05-22 08:30:20,2022-05-22 08:30:51,2022-05-21 21:18:11,2022-05-21
500108108,YouBike2.0_三民國中(民權東路六段47巷),13,2,內湖區,2022-05-22 06:58:11,25.06935,121.58692,民權東路六段47巷6號對側,Neihu Dist,YouBike2.0_Sanmin Junior High School (Ln. 47， Sec. 6， Minquan E. Rd.),No. 6， Ln. 47， Sec. 6， Minquan E. Rd. (Opposite),11,1,2022-05-22 08:30:20,2022-05-22 08:30:51,2022-05-22 06:58:11,2022-05-22
500108109,YouBike2.0_瑞光路76巷口,12,6,內湖區,2022-05-22 06:05:38,25.07168,121.58125,瑞光路102號前,Neihu Dist,YouBike2.0_Ln. 76， Ruiguang Rd.,No. 102， Ruiguang Rd.,6,1,2022-05-22 08:30:20,2022-05-22 08:30:51,2022-05-22 06:05:38,2022-05-22
500108110,YouBike2.0_捷運東湖站,18,6,內湖區,2022-05-22 08:22:12,25.06664,121.61351,安康路315巷/五分街14巷(西側),Neihu Dist,YouBike2.0_MRT Donghu Sta.,Ln. 315， Ankang Rd. & Ln. 14， Wufen St. Intersection (West),12,1,2022-05-22 08:30:20,2022-05-22 08:30:51,2022-05-22 08:22:12,2022-05-22
500108111,YouBike2.0_新湖國小,12,2,內湖區,2022-05-22 07:52:12,25.06874,121.58923,民權東路六段/成功路二段320巷31弄(東南側),Neihu Dist,YouBike2.0_XinHu Elementary School,Sec. 6， Minquan E. Rd. & Aly. 31， Ln. 320， Sec. 2， Chenggong Rd. Intersection (Southeast),10,1,2022-05-22 08:30:20,2022-05-22 08:30:51,2022-05-22 07:52:12,2022-05-22
500108112,YouBike2.0_碧山內湖路口,16,10,內湖區,2022-05-22 08:28:12,25.08627,121.5914,內湖路三段72巷15號西側,Neihu Dist,YouBike2.0_Bishan Rd. & Neihu Rd. Intersection,No. 15， Ln. 72， Sec. 3， Neihu Rd. (West),6,1,2022-05-22 08:30:20,2022-05-22 08:30:51,2022-05-22 08:28:12,2022-05-22
500108115,YouBike2.0_民權東路六段413巷,16,6,內湖區,2022-05-22 02:18:37,25.07038,121.60352,民權東路六段409號前,Neihu Dist,YouBike2.0_Ln. 413， Sec. 6， Minquan E. Rd.,No. 409， Sec. 6， Minquan E. Rd.,10,1,2022-05-22 08:30:20,2022-05-22 08:30:51,2022-05-22 02:18:37,2022-05-22
500108116,YouBike2.0_宏匯瑞光廣場(瑞光路),16,9,內湖區,2022-05-22 08:05:38,25.07676,121.57433,瑞光路353號前(瑞光路側人行道),Neihu Dist,YouBike2.0_Honhui Ruiguang Plaza (Ruiguang Rd.),No. 353， Ruiguang Rd. (Ruiguang Rd.),7,1,2022-05-22 08:30:20,2022-05-22 08:30:51,2022-05-22 08:05:38,2022-05-22
500108117,YouBike2.0_宏匯瑞光廣場(港墘路),20,13,內湖區,2022-05-22 06:52:38,25.07777,121.57562,瑞光路355號前(港墘路側人行道),Neihu Dist,YouBike2.0_Honhui Ruiguang Plaza (Gangqian Rd.),No. 353， Ruiguang Rd. (Gangqian Rd.),7,1,2022-05-22 08:30:20,2022-05-22 08:30:51,2022-05-22 06:52:38,2022-05-22
500109001,YouBike2.0_承德路七段304巷口,20,13,北投區,2022-05-22 08:12:11,25.1168,121.5048,承德路七段306-308號(前),Beitou Dist,YouBike2.0_Ln. 304， Sec. 7， Chengde Rd.,No. 306-308， Chengde Rd. (Front),7,1,2022-05-22 08:30:20,2022-05-22 08:30:51,2022-05-22 08:12:11,2022-05-22
500109002,YouBike2.0_洲美運動公園,20,11,北投區,2022-05-22 08:28:12,25.10981,121.49886,洲美街271號(對面),Beitou Dist,YouBike2.0_Zhoumei Sports Park,No. 271， Zhoumei St. (Front),9,1,2022-05-22 08:30:20,2022-05-22 08:30:51,2022-05-22 08:28:12,2022-05-22
500109003,YouBike2.0_榮華二明德路口,30,5,北投區,2022-05-22 08:02:37,25.11357,121.52255,明德路212號(榮華二路側人行道),Beitou Dist,YouBike2.0_Ronghua 2nd & Mingde Rd. Intersection,No. 212， Mingde Rd. (Ronghua 2nd Rd. Side),25,1,2022-05-22 08:30:20,2022-05-22 08:30:51,2022-05-22 08:02:37,2022-05-22
500109004,YouBike2.0_捷運明德站(1號出口),23,6,北投區,2022-05-22 08:27:12,25.10896,121.51936,西安街一段明德路口(東南側),Beitou Dist,YouBike2.0_MRT Mingde Station (Exit 1),Sec.1， Xi'an St. & Mingde Rd. (Southeast),17,1,2022-05-22 08:30:20,2022-05-22 08:30:51,2022-05-22 08:27:12,2022-05-22
500109005,YouBike2.0_文林建民路口,12,3,北投區,2022-05-22 08:03:11,25.10788,121.51457,文林北路214-216號(前),Beitou Dist,YouBike2.0_Wenlin & Jianmin Intersection,No. 214-216， Wenlin N. Rd. (Front),9,1,2022-05-22 08:30:20,2022-05-22 08:30:51,2022-05-22 08:03:11,2022-05-22
500109006,YouBike2.0_永欣綠地,10,3,北投區,2022-05-22 08:20:39,25.12416,121.52607,行義路10巷2號(旁),Beitou Dist,YouBike2.0_Yongxin Greens,No， 2， Ln. 10， Xingyi Rd. (Side),7,1,2022-05-22 08:30:20,2022-05-22 08:30:51,2022-05-22 08:20:39,2022-05-22
500109007,YouBike2.0_關渡宮,20,9,北投區,2022-05-22 08:10:38,25.11739,121.46288,知行路360號(旁),Beitou Dist,YouBike2.0_Guandu Temple,No. 360， Zhixing Rd.,11,1,2022-05-22 08:30:20,2022-05-22 08:30:51,2022-05-22 08:10:38,2022-05-22
500109008,YouBike2.0_關渡自然公園,22,8,北投區,2022-05-22 08:15:39,25.11884,121.46912,關渡路68號(對面),Beitou Dist,YouBike2.0_Guandu Nature Park,No. 68， Guandu Rd. (Opposite),14,1,2022-05-22 08:30:20,2022-05-22 08:30:51,2022-05-22 08:15:39,2022-05-22
500109009,YouBike2.0_關渡醫院,14,6,北投區,2022-05-22 08:07:38,25.1203,121.4665,知行路235巷7號(對面),Beitou Dist,YouBike2.0_Taipei Guandu hospital,No. 7， Ln. 235， Zhixing Rd. (Opposite),8,1,2022-05-22 08:30:20,2022-05-22 08:30:51,2022-05-22 08:07:38,2022-05-22
500109010,YouBike2.0_捷運忠義站(1號出口),17,6,北投區,2022-05-22 06:37:11,25.13149,121.47365,中央北路四段262號(對面),Beitou Dist,YouBike2.0_MRT Zhongyi Sta. (Exit 1),No. 262， Sec. 4， Zhongyang N. Rd. (Opposite),11,1,2022-05-22 08:30:20,2022-05-22 08:30:51,2022-05-22 06:37:11,2022-05-22
500109011,YouBike2.0_捷運關渡站(1號出口),24,5,北投區,2022-05-22 08:11:38,25.12397,121.46712,大度路三段270巷/立功街55巷(西南側),Beitou Dist,YouBike2.0_MRT Guandu Sta. (Exit 1),Ln. 270， Sec. 3， Dadu Rd. & Ln. 55， Ligong St. (Southwest),19,1,2022-05-22 08:30:20,2022-05-22 08:30:51,2022-05-22 08:11:38,2022-05-22
500109012,YouBike2.0_捷運關渡站(2號出口),14,4,北投區,2022-05-21 20:18:37,25.12618,121.46737,捷運關渡站2號出口外人行道,Beitou Dist,YouBike2.0_MRT Guandu Sta. (Exit 2),Ln. 583， Sec. 4， Zhongyang N. Rd. Intersection,10,1,2022-05-22 08:30:20,2022-05-22 08:30:51,2022-05-21 20:18:37,2022-05-21
500109013,YouBike2.0_中央北路四段540巷口,11,5,北投區,2022-05-22 06:15:37,25.12796,121.46782,中央北路四段529號(對面),Beitou Dist,YouBike2.0_Ln. 540， Sec. 4， Zhongyang N. Rd. Intersection,No. 529， Sec. 4， Zhongyang N. Rd. (Opposite),6,1,2022-05-22 08:30:20,2022-05-22 08:30:51,2022-05-22 06:15:37,2022-05-22
500109014,YouBike2.0_大度立德路口,18,10,北投區,2022-05-22 08:15:13,25.1231,121.47092,大度路三段立德路口(西北側),Beitou Dist,YouBike2.0_Dadu & Lide Rd. Intersection,Sec. 3， Dadu Rd. & Lide Rd. Intersection (Northwest),8,1,2022-05-22 08:30:20,2022-05-22 08:30:51,2022-05-22 08:15:13,2022-05-22
500109015,YouBike2.0_捷運復興崗站(1號出口),13,8,北投區,2022-05-22 08:14:11,25.1378,121.4863,中央北路三段9-1號(對面),Beitou Dist,YouBike2.0_MRT Fuxinggang Sta. (Exit 1),No. 9-1， Sec. 3， Zhongyang N. Rd. (Opposite),5,1,2022-05-22 08:30:20,2022-05-22 08:30:51,2022-05-22 08:14:11,2022-05-22
500109016,YouBike2.0_捷運復興崗站旅客服務中心,15,9,北投區,2022-05-22 08:21:37,25.13666,121.48159,中央北路三段185號(前方),Beitou Dist,YouBike2.0_MRT Fuxinggang Sta Tourist Information Center,No. 185， Sec. 3， Zhongyang N. Rd.,6,1,2022-05-22 08:30:20,2022-05-22 08:30:51,2022-05-22 08:21:37,2022-05-22
500109017,YouBike2.0_豐年公園,20,12,北投區,2022-05-22 00:04:37,25.13475,121.49613,大業路529號(對面),Beitou Dist,YouBike2.0_Fengnian Park,No. 259， Daye Rd. (Opposite),8,1,2022-05-22 08:30:20,2022-05-22 08:30:51,2022-05-22 00:04:37,2022-05-22
500109018,YouBike2.0_稻香重三路口,15,5,北投區,2022-05-22 08:05:11,25.13997,121.48967,稻香重三路口(對面路側),Beitou Dist,YouBike2.0_Daoxiang Chongshan Rd. Intersection,Daoxiang & Chongshan Rd. Intersection,10,1,2022-05-22 08:30:20,2022-05-22 08:30:51,2022-05-22 08:05:11,2022-05-22
500109019,YouBike2.0_國防大學政治作戰學院,14,5,北投區,2022-05-22 08:13:38,25.13776,121.49345,中央北路二段167號(對面),Beitou Dist,YouBike2.0_Fu Hsing Kang College,No. 167， Sec. 2， Zhongyang N. Rd. (Opposite),9,1,2022-05-22 08:30:20,2022-05-22 08:30:51,2022-05-22 08:13:38,2022-05-22
500109020,YouBike2.0_秀山區民活動中心,10,2,北投區,2022-05-22 08:19:38,25.14582,121.49303,秀山路50號(旁),Beitou Dist,YouBike2.0_Xiushan Community Center,No. 50， Xiushan Rd.,8,1,2022-05-22 08:30:20,2022-05-22 08:30:51,2022-05-22 08:19:38,2022-05-22
500109022,YouBike2.0_大業大同街口,42,7,北投區,2022-05-22 08:20:39,25.13691,121.49987,大業路671號(對面),Beitou Dist,YouBike2.0_Daye Datong St. Intersection,No. 671， Daye Rd. (Opposite),35,1,2022-05-22 08:30:20,2022-05-22 08:30:51,2022-05-22 08:20:39,2022-05-22
500109023,YouBike2.0_捷運新北投站,22,9,北投區,2022-05-22 08:24:12,25.13733,121.50339,中和街10號(對面),Beitou Dist,YouBike2.0_MRT Xinbeitou Station,No. 10， Zhonghe St. (Opposite),13,1,2022-05-22 08:30:20,2022-05-22 08:30:51,2022-05-22 08:24:12,2022-05-22
500109024,YouBike2.0_捷運北投站,30,13,北投區,2022-05-22 08:28:12,25.13187,121.499,光明路2巷3號(對面),Beitou Dist,YouBike2.0_MRT Beitou Station,No. 3， Ln. 2， Guangming Rd. (Opposite),17,1,2022-05-22 08:30:20,2022-05-22 08:30:51,2022-05-22 08:28:12,2022-05-22
500109025,YouBike2.0_捷運奇岩站(三合街),30,7,北投區,2022-05-22 08:29:38,25.12634,121.50099,三合街二段486號(旁),Beitou Dist,YouBike2.0_MRT Qiyan Station(Sanhe St.),No. 486， Sec. 2， Sanhe St.,23,1,2022-05-22 08:30:20,2022-05-22 08:30:51,2022-05-22 08:29:38,2022-05-22
500109026,YouBike2.0_八仙里辦公處,16,6,北投區,2022-05-22 07:27:37,25.12297,121.50158,北投路一段臨20號(旁),Beitou Dist,YouBike2.0_Baxian Village Office,No. 20， Sec. 1， Beitou Rd.,10,1,2022-05-22 08:30:20,2022-05-22 08:30:51,2022-05-22 07:27:37,2022-05-22
500109027,YouBike2.0_清江國小,48,10,北投區,2022-05-22 08:23:12,25.12725,121.50676,公舘路198號(對面),Beitou Dist,YouBike2.0_Qingjiang Elementary School,No. 198， Gongguan Rd. (Opposite),32,1,2022-05-22 08:30:20,2022-05-22 08:30:51,2022-05-22 08:23:12,2022-05-22
500109028,YouBike2.0_大業路300巷口,20,11,北投區,2022-05-22 07:13:10,25.12814,121.49782,大業路302號(前),Beitou Dist,YouBike2.0_Ln. 300， Daye Rd. Intersction,No. 302， Daye Rd.,9,1,2022-05-22 08:30:20,2022-05-22 08:30:51,2022-05-22 07:13:10,2022-05-22
500109029,YouBike2.0_立農公園,21,1,北投區,2022-05-22 06:54:37,25.11798,121.50342,承德路七段/吉利街(西北側),Beitou Dist,YouBike2.0_Linong Park,Sec. 7， Chengde Rd. & Jili St. (Northwest),20,0,2022-05-22 08:30:20,2022-05-22 08:30:51,2022-05-22 06:54:37,2022-05-22
500109030,YouBike2.0_北投奇岩長青樂活大樓,15,3,北投區,2022-05-22 07:52:37,25.12666,121.50373,三合街一段119號(前),Beitou Dist,YouBike2.0_Beitou Qiyan Elderly Service Center,No. 119， Sec. 1， Sanhe St.,12,1,2022-05-22 08:30:20,2022-05-22 08:30:51,2022-05-22 07:52:37,2022-05-22
500109031,YouBike2.0_捷運唭哩岸站(2號出口),30,10,北投區,2022-05-22 08:18:38,25.12087,121.50523,西安街二段345-349號(對面),Beitou Dist,YouBike2.0_MRT Qilian Sta. (Exit 2),No. 345， Sec. 2， Xi'an St. (Opposite),20,1,2022-05-22 08:30:20,2022-05-22 08:30:51,2022-05-22 08:18:38,2022-05-22
500109032,YouBike2.0_北投運動中心,17,8,北投區,2022-05-22 08:29:11,25.11666,121.50962,石牌路一段39巷100號(旁),Beitou Dist,YouBike2.0_Beitou Sports Center,No. 100， Ln. 39， Sec. 1， Shipai Rd.,9,1,2022-05-22 08:30:20,2022-05-22 08:30:51,2022-05-22 08:29:11,2022-05-22
500109033,YouBike2.0_陽明大學,15,0,北投區,2022-05-22 08:25:04,25.11912,121.51223,東華街二段136號(對面),Beitou Dist,YouBike2.0_National Yangming Jiaotong University,No. 136， Sec. 2， Donghua St. (Opposite),15,1,2022-05-22 08:30:20,2022-05-22 08:30:51,2022-05-22 08:25:04,2022-05-22
500109034,YouBike2.0_捷運石牌站(2號出口),19,7,北投區,2022-05-22 08:24:12,25.11451,121.51567,東華街一段526號(對面),Beitou Dist,YouBike2.0_MRT Shipai Sta. (Exit 2),No. 526， Sec. 1， Donghua St. (Opposite),12,1,2022-05-22 08:30:20,2022-05-22 08:30:51,2022-05-22 08:24:12,2022-05-22
500109035,YouBike2.0_台北護理大學,25,5,北投區,2022-05-22 08:25:12,25.11752,121.51662,石牌路二段100號(前),Beitou Dist,YouBike2.0_National Taipei University of Nursing and Health Sciences,No. 100， Sec. 2， Shipai Rd.,20,1,2022-05-22 08:30:20,2022-05-22 08:30:51,2022-05-22 08:25:12,2022-05-22
500109036,YouBike2.0_捷運石牌站(1號出口),20,4,北投區,2022-05-22 07:52:37,25.11593,121.51435,石牌路一段139號(對面),Beitou Dist,YouBike2.0_MRT Shipai Sta. (Exit 1),No. 319， Sec. 1， Shipai Rd. (Opposite),16,1,2022-05-22 08:30:20,2022-05-22 08:30:51,2022-05-22 07:52:37,2022-05-22
500109037,YouBike2.0_振興醫院,36,1,北投區,2022-05-22 08:07:11,25.11753,121.52186,明德路365號(前),Beitou Dist,YouBike2.0_Cheng Hsin General Hospital,No. 365， Mingde Rd.,35,1,2022-05-22 08:30:20,2022-05-22 08:30:51,2022-05-22 08:07:11,2022-05-22
500109039,YouBike2.0_石牌國小,26,5,北投區,2022-05-22 08:20:39,25.1144,121.51307,石牌路一段142號(對面),Beitou Dist,YouBike2.0_Shipai Elementary School,No. 142， Sec. 1， Shipai Rd. (Opposite),21,1,2022-05-22 08:30:20,2022-05-22 08:30:51,2022-05-22 08:20:39,2022-05-22
500109040,YouBike2.0_振興公園,13,5,北投區,2022-05-22 08:28:38,25.11865,121.5235,天母西路109號(對面),Beitou Dist,YouBike2.0_Zhenxing Park,No. 109， Tianmu W. Rd. (Opposite),8,1,2022-05-22 08:30:20,2022-05-22 08:30:51,2022-05-22 08:28:38,2022-05-22
500109041,YouBike2.0_立農國小,19,7,北投區,2022-05-22 08:29:11,25.11978,121.50422,立農街一段201號(對面),Beitou Dist,YouBike2.0_Linong Elementary School,No. 201， Sec. 1， Linong St. (Opposite),12,1,2022-05-22 08:30:20,2022-05-22 08:30:51,2022-05-22 08:29:11,2022-05-22
500109042,YouBike2.0_承德路七段280巷口,17,7,北投區,2022-05-22 08:28:38,25.11587,121.50576,承德路七段260號(前),Beitou Dist,YouBike2.0_No. 280， Sec. 7， Chengde Rd. Intersection,No. 260， Sec. 7， Chengde Rd.,10,1,2022-05-22 08:30:20,2022-05-22 08:30:51,2022-05-22 08:28:38,2022-05-22
500109043,YouBike2.0_石牌區民活動中心,15,6,北投區,2022-05-22 07:12:10,25.11093,121.51382,自強街61巷8號(旁),Beitou Dist,YouBike2.0_Shipai Recreation Center,No. 8， Ln. 61， Ziqiang St.,9,1,2022-05-22 08:30:20,2022-05-22 08:30:51,2022-05-22 07:12:10,2022-05-22
500109044,YouBike2.0_榮富公園,13,5,北投區,2022-05-22 08:29:38,25.1137,121.52437,榮華三路2號(旁),Beitou Dist,YouBike2.0_Rongfu Park,No. 2， Ronghua 3rd Rd.,8,1,2022-05-22 08:30:20,2022-05-22 08:30:51,2022-05-22 08:29:38,2022-05-22
500109045,YouBike2.0_中正高中,31,25,北投區,2022-05-22 08:21:12,25.10467,121.51654,文林北路77號(前),Beitou Dist,YouBike2.0_Zhongzheng Senior High School,No. 77， Wenlin N. Rd.,6,1,2022-05-22 08:30:20,2022-05-22 08:30:51,2022-05-22 08:21:12,2022-05-22
500109046,YouBike2.0_立功立德路口,32,7,北投區,2022-05-22 05:15:38,25.12501,121.47158,立德路15號(前),Beitou Dist,YouBike2.0_Ligong & Lide Rd. Intersection,No.15， Lide Rd. (Front),25,1,2022-05-22 08:30:20,2022-05-22 08:30:51,2022-05-22 05:15:38,2022-05-22
500109047,YouBike2.0_中央北路四段30巷口,10,7,北投區,2022-05-22 08:08:11,25.13539,121.478,中央北路四段32號(旁),Beitou Dist,YouBike2.0_Ln.40， Sec.4， Zhongyang N. Rd.,No. 32， Sec.4， Zhongyang Rd. (Side),3,1,2022-05-22 08:30:20,2022-05-22 08:30:51,2022-05-22 08:08:11,2022-05-22
500109048,YouBike2.0_陽明交大圖書館,37,15,北投區,2022-05-22 08:27:37,25.12081,121.51352,陽明交大圖書館後方機車停車場,Beitou Dist,YouBike2.0_National Yang-Ming University Library,Parking lot at the back of the NYCU Library,22,1,2022-05-22 08:30:20,2022-05-22 08:30:51,2022-05-22 08:27:37,2022-05-22
500109049,YouBike2.0_捷運新北投站(2號出口),11,2,北投區,2022-05-22 08:22:12,25.13675,121.50224,光明路225號(對面),Beitou Dist,YouBike2.0_MRT Xinbeitou Sta. (Exit 2),No. 225， Guangming Rd. (Opposite),9,1,2022-05-22 08:30:20,2022-05-22 08:30:51,2022-05-22 08:22:12,2022-05-22
500109050,YouBike2.0_復興公園,14,2,北投區,2022-05-22 08:23:38,25.13872,121.5021,中和街61號對側,Beitou Dist,YouBike2.0_Fuxing Park,No. 61， Zhonghe St.,12,1,2022-05-22 08:30:20,2022-05-22 08:30:51,2022-05-22 08:23:38,2022-05-22
500109051,YouBike2.0_承德石牌路口,17,9,北投區,2022-05-22 08:07:11,25.11272,121.50922,承德路七段與石牌路一段口北側,Beitou Dist,YouBike2.0_Chengde Rd. & Shipai Rd. Intersection,Sec. 7， Chengde Rd. & Sec. 1， Shipai Rd. Intersection (North),8,1,2022-05-22 08:30:20,2022-05-22 08:30:51,2022-05-22 08:07:11,2022-05-22
500109052,YouBike2.0_承德路七段188巷口,16,9,北投區,2022-05-22 08:08:11,25.11416,121.50771,承德路七段192-198號前,Beitou Dist,YouBike2.0_Ln. 188， Sec. 7， Chengde Rd. Intersection,No. 192-198， Sec. 7， Chengde Rd.,7,1,2022-05-22 08:30:20,2022-05-22 08:30:51,2022-05-22 08:08:11,2022-05-22
500109053,YouBike2.0_捷運明德站(3號出口),20,4,北投區,2022-05-22 08:13:38,25.11,121.51841,明德路95號,Beitou Dist,YouBike2.0_MRT Mingde Sta.(Exit.3),No. 95， Mingde Rd.,16,1,2022-05-22 08:30:20,2022-05-22 08:30:51,2022-05-22 08:13:38,2022-05-22
500109054,YouBike2.0_大豐公園,24,14,北投區,2022-05-22 08:29:11,25.13102,121.50408,大興街145號前,Beitou Dist,YouBike2.0_Dafeng Park,No. 145， Dasing St.,10,1,2022-05-22 08:30:20,2022-05-22 08:30:51,2022-05-22 08:29:11,2022-05-22
500109055,YouBike2.0_洲美公園,30,10,北投區,2022-05-22 05:28:28,25.10032,121.50599,福美路199號旁,Beitou Dist,YouBike2.0_Zhoumei Park,No. 199， Fumei Rd.,20,1,2022-05-22 08:30:20,2022-05-22 08:30:51,2022-05-22 05:28:28,2022-05-22
500109056,YouBike2.0_中和街455巷11弄,13,7,北投區,2022-05-21 23:00:22,25.14319,121.49621,中和街455巷11弄6-8號(前),Beitou Dist,YouBike2.0_Aly. 11， Ln. 455， Zhonghe St.,No. 6-8， Aly. 11， Ln. 455， Zhonghe St.,6,1,2022-05-22 08:30:20,2022-05-22 08:30:51,2022-05-21 23:00:22,2022-05-21
500109057,YouBike2.0_洲美蜆仔港公園,20,8,北投區,2022-05-22 06:26:10,25.10065,121.51107,洲美蜆仔港公園西南側(福美路側),Beitou Dist,YouBike2.0_Zhoumei Xianzaigang Park,Zhoumei Xianzaigang Park(Southwest),12,1,2022-05-22 08:30:20,2022-05-22 08:30:51,2022-05-22 06:26:10,2022-05-22
500109058,YouBike2.0_文化三杏林一路口,17,0,北投區,2022-05-22 08:27:04,25.14058,121.49915,杏林一路3號(旁),Beitou Dist,YouBike2.0_Wenhua 3rd Rd. & Xinglin 1st Rd. Intersection,No. 3， Xinglin 1st Rd.,16,1,2022-05-22 08:30:20,2022-05-22 08:30:51,2022-05-22 08:27:04,2022-05-22
500109059,YouBike2.0_珠海復興一路口,15,2,北投區,2022-05-22 08:29:38,25.14045,121.50446,珠海路/復興一路口(東側),Beitou Dist,YouBike2.0_Zhuhai Rd. & Fuxing 1st Rd. Intersection,Zhuhai Rd. & Fuxing 1st Rd. Intersection (East),13,1,2022-05-22 08:30:20,2022-05-22 08:30:51,2022-05-22 08:29:38,2022-05-22
500109060,YouBike2.0_裕民二路33巷,15,1,北投區,2022-05-22 08:08:11,25.11535,121.51736,裕民二路33巷/裕民六路(西北側),Beitou Dist,YouBike2.0_Ln. 33， Yumin 2nd Rd.,Ln. 33， Yumin 2nd Rd. & Yumin 6th Rd. Intersection (Northwest),14,1,2022-05-22 08:30:20,2022-05-22 08:30:51,2022-05-22 08:08:11,2022-05-22
500109061,YouBike2.0_新奇岩社會住宅,12,4,北投區,2022-05-22 08:28:12,25.12287,121.5037,磺港路269-271號(旁),Beitou Dist,YouBike2.0_Xinqiyan Social Housing,No. 269-271， Huanggang Rd.,7,1,2022-05-22 08:30:20,2022-05-22 08:30:51,2022-05-22 08:28:12,2022-05-22
500109062,YouBike2.0_泉源公園,15,3,北投區,2022-05-22 07:45:38,25.14193,121.50835,珠海路145號(對側公園),Beitou Dist,YouBike2.0_0,No. 145， Zhuhai Rd. (Opposite),12,1,2022-05-22 08:30:20,2022-05-22 08:30:51,2022-05-22 07:45:38,2022-05-22
500109063,YouBike2.0_奇岩4號綠地,12,4,北投區,2022-05-22 08:20:39,25.12533,121.50573,三合街一段79巷16號(對面),Beitou Dist,YouBike2.0_Qiyan No4 Green Space,No. 16， Ln. 79， Sec. 1， Sanhe St. (Opposite),8,1,2022-05-22 08:30:20,2022-05-22 08:30:51,2022-05-22 08:20:39,2022-05-22
500109064,YouBike2.0_臺北健康護理大學(教研大樓),15,3,北投區,2022-05-22 08:17:37,25.11857,121.51846,石牌路二段185號對側,Beitou Dist,YouBike2.0_NTUNHS,No. 185， Sec. 2， Shipai Rd. (Opposite),12,1,2022-05-22 08:30:20,2022-05-22 08:30:51,2022-05-22 08:17:37,2022-05-22
500109065,YouBike2.0_奇岩一號公園,24,5,北投區,2022-05-22 07:03:37,25.12862,121.5033,磺港路/清江路177巷(東側),Beitou Dist,YouBike2.0_Qiyan No.1 Park,Huanggang Rd. & Ln. 177， Qingjiang Rd. Intersection (East),19,1,2022-05-22 08:30:20,2022-05-22 08:30:51,2022-05-22 07:03:37,2022-05-22
500109066,YouBike2.0_福星公園,18,4,北投區,2022-05-22 07:29:37,25.1094,121.51248,文林北路280號(對側公園),Beitou Dist,YouBike2.0_Fuxing Park,No. 280， Wenlin N. Rd. (Opposite),14,1,2022-05-22 08:30:20,2022-05-22 08:30:51,2022-05-22 07:29:37,2022-05-22
500109067,YouBike2.0_中庸公園,12,4,北投區,2022-05-21 20:40:38,25.13774,121.50142,珠海路1號旁,Beitou Dist,YouBike2.0_Zhongyong Park,No. 1， Zhuhai Rd.,8,1,2022-05-22 08:30:20,2022-05-22 08:30:51,2022-05-21 20:40:38,2022-05-21
500109068,YouBike2.0_豐年公園_1,18,14,北投區,2022-05-22 06:59:11,25.13597,121.49702,大業路539號,Beitou Dist,YouBike2.0_Fengnian Park_1,No. 259， Daye Rd. (Opposite),2,1,2022-05-22 08:30:20,2022-05-22 08:30:51,2022-05-22 06:59:11,2022-05-22
500109070,YouBike2.0_光明溫泉路口,12,2,北投區,2022-05-22 08:23:38,25.13431,121.50226,光明路148號對側人行道,Beitou Dist,YouBike2.0_Guangming Rd. & Wenquan Rd. Intersection,No. 148， Guangming Rd. (Opposite),10,1,2022-05-22 08:30:20,2022-05-22 08:30:51,2022-05-22 08:23:38,2022-05-22
500109071,YouBike2.0_和信治癌中心醫院,18,10,北投區,2022-05-22 07:49:10,25.12757,121.47207,立德路125號,Beitou Dist,YouBike2.0_Koo Foundation Sun Yat-Sen Cancer Center,No. 125， Lide Rd.,8,1,2022-05-22 08:30:20,2022-05-22 08:30:51,2022-05-22 07:49:10,2022-05-22
500109072,YouBike2.0_致遠新村,15,3,北投區,2022-05-22 07:16:11,25.14319,121.49093,秀山路26號(懷遠新村社區入口南側),Beitou Dist,YouBike2.0_Zhiyuan New Village,No. 26， Xiushan Rd.,12,1,2022-05-22 08:30:20,2022-05-22 08:30:51,2022-05-22 07:16:11,2022-05-22
500109073,YouBike2.0_北投公園露天溫泉,15,8,北投區,2022-05-22 06:37:11,25.13684,121.50792,中山路6號西側(北投溪木道西側),Beitou Dist,YouBike2.0_Beitou Public Hotspring,No. 6， Zhongshan Rd.,7,1,2022-05-22 08:30:20,2022-05-22 08:30:51,2022-05-22 06:37:11,2022-05-22
500110002,YouBike2.0_捷運松山站(4號出口),19,15,松山區,2022-05-22 08:29:11,25.04987,121.57785,八德路四段742號,Songshan Dist,YouBike2.0_MRT Songshan Sta. (Exit 4),No. 742， Sec. 4， Bade Rd.,4,1,2022-05-22 08:30:20,2022-05-22 08:30:51,2022-05-22 08:29:11,2022-05-22
500110003,YouBike2.0_塔悠八德路口,34,29,松山區,2022-05-22 08:24:12,25.05009,121.57202,塔悠路2號(旁),Songshan Dist,YouBike2.0_Tayou Rd. & Bade Rd. Intersection,No. 2， Tayou Rd.,5,1,2022-05-22 08:30:20,2022-05-22 08:30:51,2022-05-22 08:24:12,2022-05-22
500110004,YouBike2.0_鵬程公園,24,12,松山區,2022-05-22 07:54:11,25.05503,121.56876,健康路399號北側,Songshan Dist,YouBike2.0_Pengcheng Park,No. 399， Jiankang Rd. (North),12,1,2022-05-22 08:30:20,2022-05-22 08:30:51,2022-05-22 07:54:11,2022-05-22
500110005,YouBike2.0_中崙高中,23,9,松山區,2022-05-22 08:25:38,25.04878,121.56087,八德路四段91巷9號(對面),Songshan Dist,YouBike2.0_Zhonglun Senior High School,No. 9， Ln. 91， Sec. 4， Bade Rd. (Opposite),14,1,2022-05-22 08:30:20,2022-05-22 08:30:51,2022-05-22 08:25:38,2022-05-22
500110006,YouBike2.0_捷運南京三民站(2號出口),19,17,松山區,2022-05-22 08:25:38,25.05136,121.56283,南京東路五段156號(前),Songshan Dist,YouBike2.0_MRT Nanjing Sanmin Sta. (Exit 2),No. 156， Sec. 5， Nanjing E. Rd.,2,1,2022-05-22 08:30:20,2022-05-22 08:30:51,2022-05-22 08:25:38,2022-05-22
500110007,YouBike2.0_捷運南京三民站(1號出口),13,5,松山區,2022-05-22 08:28:12,25.05155,121.5636,捷運南京三民站(1號出口),Songshan Dist,YouBike2.0_MRT Nanjing Sanmin Sta. (Exit 1),MRT Nanjing Sanmin Sta. (Exit 1),8,1,2022-05-22 08:30:20,2022-05-22 08:30:51,2022-05-22 08:28:12,2022-05-22
500110008,YouBike2.0_光復北路11巷口,23,5,松山區,2022-05-22 08:11:38,25.04937,121.558,光復北路13號(旁),Songshan Dist,YouBike2.0_Ln. 11， Guangfu N Rd.,No. 13， Guangfu N Rd.,18,1,2022-05-22 08:30:20,2022-05-22 08:30:51,2022-05-22 08:11:38,2022-05-22
500110009,YouBike2.0_捷運南京三民站(4號出口),13,2,松山區,2022-05-22 08:28:12,25.05152,121.5646,南京東路五段229號(前),Songshan Dist,YouBike2.0_MRT Nanjing Sanmin Sta. (Exit 4),No. 229， Sec. 5， Nanjing E. Rd.,11,1,2022-05-22 08:30:20,2022-05-22 08:30:51,2022-05-22 08:28:12,2022-05-22
500110010,YouBike2.0_西松高中,14,11,松山區,2022-05-22 08:23:12,25.05492,121.56701,健康路325巷5弄5號(前),Songshan Dist,YouBike2.0_Xisong Senior High School,No. 5， Aly. 5， Ln. 325， Jiankang Rd.,3,1,2022-05-22 08:30:20,2022-05-22 08:30:51,2022-05-22 08:23:12,2022-05-22
500110011,YouBike2.0_民權復興路口,27,9,松山區,2022-05-22 07:54:37,25.0622,121.54565,民權東路三段119號(前),Songshan Dist,YouBike2.0_Minquan Rd. & Fuxing Rd. Intersection,No. 119， Sec. 3， Minquan E. Rd.,18,1,2022-05-22 08:30:20,2022-05-22 08:30:51,2022-05-22 07:54:37,2022-05-22
500110012,YouBike2.0_民福三號綠地,15,9,松山區,2022-05-22 08:10:19,25.06374,121.54767,民族東路712號(對面),Songshan Dist,YouBike2.0_Minfu No.3 Greens,No. 712， Minzu E. Rd. (Opposite),6,1,2022-05-22 08:30:20,2022-05-22 08:30:51,2022-05-22 08:10:19,2022-05-22
500110013,YouBike2.0_民有一號公園,10,0,松山區,2022-05-22 08:18:38,25.06095,121.54731,敦化北路244巷43號(對面),Songshan Dist,YouBike2.0_Minyou No.1 Park,No. 43， Ln. 244， Dunhua N. Rd. (Opposite),10,1,2022-05-22 08:30:20,2022-05-22 08:30:51,2022-05-22 08:18:38,2022-05-22
500110014,YouBike2.0_民生敦化路口,21,10,松山區,2022-05-22 08:13:11,25.05804,121.54897,敦化北路216號(對面),Songshan Dist,YouBike2.0_Minsheng Rd. & Dunhua Rd. Intersection,No. 216， Dunhua N. Rd. (Opposite),11,1,2022-05-22 08:30:20,2022-05-22 08:30:51,2022-05-22 08:13:11,2022-05-22
500110015,YouBike2.0_松基公園,20,8,松山區,2022-05-22 08:25:38,25.0546,121.54486,長春路432號(對面),Songshan Dist,YouBike2.0_Song-Ji Park,No. 432， Changchun Rd. (Opposite),12,1,2022-05-22 08:30:20,2022-05-22 08:30:51,2022-05-22 08:25:38,2022-05-22
500110016,YouBike2.0_三民路166巷口,17,12,松山區,2022-05-22 08:16:12,25.0619,121.56328,三民路166巷1號(對面),Songshan Dist,YouBike2.0_Ln. 166， Sanmin Rd. Intersection,No. 1， Ln. 166， Sanmin Rd. (Opposite),5,1,2022-05-22 08:30:20,2022-05-22 08:30:51,2022-05-22 08:16:12,2022-05-22
500110017,YouBike2.0_民生活動中心,12,5,松山區,2022-05-22 08:17:37,25.05907,121.56305,民生東路五段163-1號(前),Songshan Dist,YouBike2.0_Minsheng Activity Center,No.163-1， Sec. 5， Minsheng E. Rd.,7,1,2022-05-22 08:30:20,2022-05-22 08:30:51,2022-05-22 08:17:37,2022-05-22
500110018,YouBike2.0_捷運小巨蛋站(2號出口),26,13,松山區,2022-05-22 07:58:38,25.05157,121.55118,南京東路四段6號(前),Songshan Dist,YouBike2.0_MRT Taipei Arena Sta. (Exit.2),No.6， Sec. 4， Nanjing E. Rd.,13,1,2022-05-22 08:30:20,2022-05-22 08:30:51,2022-05-22 07:58:38,2022-05-22
500110019,YouBike2.0_臺北市藝文推廣處,45,25,松山區,2022-05-22 08:29:38,25.04826,121.55235,八德路三段25號(前),Songshan Dist,YouBike2.0_Taipei City Arts Promotion Office,No. 25， Sec. 3， Bade Rd.,20,1,2022-05-22 08:30:20,2022-05-22 08:30:51,2022-05-22 08:29:38,2022-05-22
500110020,YouBike2.0_民生國小(敦化北路199巷),20,16,松山區,2022-05-22 08:26:12,25.05633,121.55286,敦化北路199巷15號(旁),Songshan Dist,YouBike2.0_Minsheng Elementary School (Ln. 199， Dunhua N. Rd.),No. 15， Ln. 199， Dunhua N. Rd.,4,1,2022-05-22 08:30:20,2022-05-22 08:30:51,2022-05-22 08:26:12,2022-05-22
500110021,YouBike2.0_敦北公園,34,3,松山區,2022-05-22 08:19:12,25.06118,121.55098,敦化北路/富錦街77巷口(東南側),Songshan Dist,YouBike2.0_Dunbei Park,Dunhua N. Rd. & Ln. 77， Fujin St. (Southeast),31,1,2022-05-22 08:30:20,2022-05-22 08:30:51,2022-05-22 08:19:12,2022-05-22
500110022,YouBike2.0_民權運動公園,15,8,松山區,2022-05-22 08:23:12,25.062,121.56019,民權東路四段/新中街口(西南側),Songshan Dist,YouBike2.0_Minquan Sports Park,Sec. 4， Minquan E Rd. & Xinzhong St. Intersection (Southwest),7,1,2022-05-22 08:30:20,2022-05-22 08:30:51,2022-05-22 08:23:12,2022-05-22
500110023,YouBike2.0_新東公園,17,0,松山區,2022-05-22 08:14:03,25.05925,121.56888,民生東路五段/塔悠路口(西南側),Songshan Dist,YouBike2.0_Xindong Park,Sec. 5， Minsheng E Rd. & Tayou Rd. Intersection (Southwest),17,1,2022-05-22 08:30:20,2022-05-22 08:30:51,2022-05-22 08:14:03,2022-05-22
500110024,YouBike2.0_民生光復路口,23,13,松山區,2022-05-22 08:13:11,25.05834,121.55496,光復北路266號(前),Songshan Dist,YouBike2.0_Minsheng Rd. & Guangfu N. Rd. Intersection,No. 266， Guangfu N. Rd.,10,1,2022-05-22 08:30:20,2022-05-22 08:30:51,2022-05-22 08:13:11,2022-05-22
500110025,YouBike2.0_三民公園,12,11,松山區,2022-05-22 08:21:12,25.06214,121.56636,撫遠街339號(前),Songshan Dist,YouBike2.0_Sanmin Park,No. 339， Fuyuan St.,1,1,2022-05-22 08:30:20,2022-05-22 08:30:51,2022-05-22 08:21:12,2022-05-22
500110026,YouBike2.0_八德路三段74巷口,11,5,松山區,2022-05-22 04:58:37,25.04459,121.55252,八德路三段74巷95號南側,Songshan Dist,YouBike2.0_Ln. 74， Sec. 3， Bade Rd. Intersection,No. 95， Ln. 74， Sec. 3， Bade Rd. (South),6,1,2022-05-22 08:30:20,2022-05-22 08:30:51,2022-05-22 04:58:37,2022-05-22
500110027,YouBike2.0_八德路三段8巷口,15,6,松山區,2022-05-22 08:23:12,25.04488,121.54992,市民大道四段123號,Songshan Dist,YouBike2.0_Ln. 8， Sec. 3， Bade Rd. Intersection,No. 123， Sec. 4， Civic Blvd.,9,1,2022-05-22 08:30:20,2022-05-22 08:30:51,2022-05-22 08:23:12,2022-05-22
500110028,YouBike2.0_三軍總醫院(松山分院),20,18,松山區,2022-05-22 07:54:11,25.05419,121.55631,光復北路/光復北路190巷口(東南側),Songshan Dist,YouBike2.0_Tri-Service General Hospital Songshan Branch,Guangfu N. Rd. & Ln. 190， Guangfu N. Rd. Intersection (Southeast),2,1,2022-05-22 08:30:20,2022-05-22 08:30:51,2022-05-22 07:54:11,2022-05-22
500110029,YouBike2.0_平安新城,16,4,松山區,2022-05-22 08:26:38,25.05528,121.559,延壽街356巷/延壽街330巷16弄(東北側),Songshan Dist,YouBike2.0_Pingan New Town,Ln. 356， Yanshou St. & Aly. 16， Ln. 330， Yanshou St. Intersection (Northeast),12,1,2022-05-22 08:30:20,2022-05-22 08:30:51,2022-05-22 08:26:38,2022-05-22
500110030,YouBike2.0_健康社會住宅,20,8,松山區,2022-05-22 08:19:38,25.05433,121.56545,健康路305號(前),Songshan Dist,YouBike2.0_Jiankang Social Housing,No. 305， Jiankang Rd.,12,1,2022-05-22 08:30:20,2022-05-22 08:30:51,2022-05-22 08:19:38,2022-05-22
500110031,YouBike2.0_民權光復路口(東北側),24,7,松山區,2022-05-22 08:24:12,25.06206,121.55475,民權東路四段/光復北路(東北側),Songshan Dist,YouBike2.0_Minquan Rd. & Guangfu Rd. Intersection (Northeast),Sec. 4， Minquan E. Rd. & Guangfu N. Rd. Intersection (Northeast),17,1,2022-05-22 08:30:20,2022-05-22 08:30:51,2022-05-22 08:24:12,2022-05-22
500110032,YouBike2.0_市民東興路口,16,7,松山區,2022-05-22 07:10:37,25.0484,121.56586,東興路33號南側,Songshan Dist,YouBike2.0_Civic Blvd. & Dongxing Rd. Intersection,No. 33， Dongxing Rd. (South),9,1,2022-05-22 08:30:20,2022-05-22 08:30:51,2022-05-22 07:10:37,2022-05-22
500110033,YouBike2.0_光復南路22巷口,29,16,松山區,2022-05-22 08:28:38,25.04711,121.55779,光復南路19號西側,Songshan Dist,YouBike2.0_Ln. 22， Guangfu S. Rd. Intersection,No. 19， Guangfu S. Rd. (West),13,1,2022-05-22 08:30:20,2022-05-22 08:30:51,2022-05-22 08:28:38,2022-05-22
500110034,YouBike2.0_光復南路58巷,12,9,松山區,2022-05-22 08:21:37,25.04566,121.55656,光復南路58巷11號東側,Songshan Dist,YouBike2.0_Ln. 58， Guangfu S. Rd.,No.11， Ln. 58， Guangfu S. Rd. (East),3,1,2022-05-22 08:30:20,2022-05-22 08:30:51,2022-05-22 08:21:37,2022-05-22
500110035,YouBike2.0_松山新城,14,7,松山區,2022-05-22 08:13:11,25.05347,121.55436,健康路78號(對面),Songshan Dist,YouBike2.0_Songshan New Village,No. 78， Jiankang Rd. (Opposite),7,1,2022-05-22 08:30:20,2022-05-22 08:30:51,2022-05-22 08:13:11,2022-05-22
500110036,YouBike2.0_內政部營建署,30,18,松山區,2022-05-22 08:21:12,25.04769,121.5448,八德路二段342號(前),Songshan Dist,YouBike2.0_Construction and Planning Agency,No.342， Sec. 2， Bade Rd.,12,1,2022-05-22 08:30:20,2022-05-22 08:30:51,2022-05-22 08:21:12,2022-05-22
500110037,YouBike2.0_南京光復路口,21,9,松山區,2022-05-22 08:25:38,25.05143,121.55716,南京東路四段186號前,Songshan Dist,YouBike2.0_Nanjing Rd. & Guangfu Rd. Intersection,No. 186， Sec. 4， Nanjing E. Rd.,12,1,2022-05-22 08:30:20,2022-05-22 08:30:51,2022-05-22 08:25:38,2022-05-22
500110038,YouBike2.0_民生立體停車場,10,3,松山區,2022-05-22 08:26:12,25.05846,121.55947,民生東路五段84號前,Songshan Dist,YouBike2.0_Minsheng Parking Lot,No. 84， Sec. 5， Minsheng E. Rd.,7,1,2022-05-22 08:30:20,2022-05-22 08:30:51,2022-05-22 08:26:12,2022-05-22
500110039,YouBike2.0_健康新城,14,5,松山區,2022-05-22 08:22:38,25.05408,121.56095,健康路179號前,Songshan Dist,YouBike2.0_Jiankang New Village,No. 179， Jiankang Rd.,9,1,2022-05-22 08:30:20,2022-05-22 08:30:51,2022-05-22 08:22:38,2022-05-22
500110040,YouBike2.0_健安新城,30,6,松山區,2022-05-22 08:11:12,25.05606,121.56345,三民路43巷1號前,Songshan Dist,YouBike2.0_Jianan Sincheng,No. 1， Ln. 43， Sanmin Rd.,24,1,2022-05-22 08:30:20,2022-05-22 08:30:51,2022-05-22 08:11:12,2022-05-22
500110041,YouBike2.0_復盛公園,10,2,松山區,2022-05-22 08:26:12,25.04763,121.56115,八德路四段106巷/八德路四段106巷6弄口(東側),Songshan Dist,YouBike2.0_Fusheng Park,Ln. 106， Sec. 4， Bade Rd. & Aly. 6， Ln. 106， Sec. 4， Bade Rd. Intersection (East),8,1,2022-05-22 08:30:20,2022-05-22 08:30:51,2022-05-22 08:26:12,2022-05-22
500110042,YouBike2.0_中崙福成宮,17,9,松山區,2022-05-22 08:19:04,25.04524,121.54659,市民大道四段73號前,Songshan Dist,YouBike2.0_Zhonglun Fucheng Temple,No. 73， Sec. 4， Civic Blvd.,8,1,2022-05-22 08:30:20,2022-05-22 08:30:51,2022-05-22 08:19:04,2022-05-22
500110043,YouBike2.0_捷運南京復興站(7號出口),15,9,松山區,2022-05-22 08:21:37,25.05278,121.54478,慶城街1號(東南側),Songshan Dist,YouBike2.0_MRT Nanjing Fuxing Sta.(Exit.7),No. 1， Qingcheng St. (Southeast),6,1,2022-05-22 08:30:20,2022-05-22 08:30:51,2022-05-22 08:21:37,2022-05-22
500110044,YouBike2.0_捷運南京復興站(5號出口),35,16,松山區,2022-05-22 08:28:38,25.05168,121.54506,南京東路三段262號,Songshan Dist,YouBike2.0_MRT Nanjing Fuxing Sta.(Exit.5),No. 262， Sec. 3， Nanjing E. Rd.,19,1,2022-05-22 08:30:20,2022-05-22 08:30:51,2022-05-22 08:28:38,2022-05-22
500110045,YouBike2.0_塔悠疏散門,12,4,松山區,2022-05-22 08:21:37,25.0648,121.56788,民權東路五段41之1號,Songshan Dist,YouBike2.0_Tayou Evacuation Gate,No. 41-1， Sec. 5， Minquan E. Rd.,8,1,2022-05-22 08:30:20,2022-05-22 08:30:51,2022-05-22 08:21:37,2022-05-22
500110046,YouBike2.0_臺北田徑場,42,18,松山區,2022-05-22 08:24:38,25.04951,121.54941,敦化北路/八德路三段(東北側),Songshan Dist,YouBike2.0_Taipei Stadium,Dunhua N. Rd. & Sec. 3， Bade Rd. Intersection (Northeast),24,1,2022-05-22 08:30:20,2022-05-22 08:30:51,2022-05-22 08:24:38,2022-05-22
500110047,YouBike2.0_捷運小巨蛋站(5號出口),22,8,松山區,2022-05-22 08:27:12,25.05176,121.55352,南京東路四段75-1號前,Songshan Dist,YouBike2.0_MRT Taipei Arena Sta. (Exit.5),No. 75-1， Sec. 4， Nanjing E. Rd.,14,1,2022-05-22 08:30:20,2022-05-22 08:30:51,2022-05-22 08:27:12,2022-05-22
500110048,YouBike2.0_敦化長春路口,22,4,松山區,2022-05-22 08:24:04,25.0536,121.54871,敦化北路112號前,Songshan Dist,YouBike2.0_Dunhua Rd. & Changchun Rd. Intersection,No. 112， Dunhua N. Rd.,18,1,2022-05-22 08:30:20,2022-05-22 08:30:51,2022-05-22 08:24:04,2022-05-22
500110049,YouBike2.0_饒河疏散門(基四號疏散門),19,12,松山區,2022-05-22 08:00:27,25.05147,121.57683,松河街182號對側,Songshan Dist,YouBike2.0_Raohe Evacuation Gate,No. 182， Songhe St. (Opposite),7,1,2022-05-22 08:30:20,2022-05-22 08:30:51,2022-05-22 08:00:27,2022-05-22
500110050,YouBike2.0_捷運松山站(2號出口),14,12,松山區,2022-05-22 08:18:12,25.05013,121.57635,八德路四段685號前,Songshan Dist,YouBike2.0_MRT Songshan Sta. (Exit 2),No. 685， Sec. 4， Bade Rd.,2,1,2022-05-22 08:30:20,2022-05-22 08:30:51,2022-05-22 08:18:12,2022-05-22
500110051,YouBike2.0_民權東路三段106巷口,22,3,松山區,2022-05-22 08:16:12,25.062,121.54472,民權東路三段102號前,Songshan Dist,YouBike2.0_Ln. 106， Sec. 3， Minquan E. Rd.,No. 102， Sec. 3， Minquan E. Rd.,19,1,2022-05-22 08:30:20,2022-05-22 08:30:51,2022-05-22 08:16:12,2022-05-22
500110052,YouBike2.0_南京東路五段59巷口,11,3,松山區,2022-05-22 08:29:11,25.05163,121.55907,南京東路五段57號(前),Songshan Dist,YouBike2.0_Ln. 59， Sec. 5， Nanjing E. Rd.,No. 57， Sec. 5， Nanjing E. Rd.,8,1,2022-05-22 08:30:20,2022-05-22 08:30:51,2022-05-22 08:29:11,2022-05-22
500110053,YouBike2.0_三民公園(塔悠路),20,9,松山區,2022-05-22 08:13:38,25.06241,121.56831,塔悠路/撫遠街261巷(西側),Songshan Dist,YouBike2.0_Sanmin Park (Tayou Rd.),Tayou Rd. & Ln. 261， Fuyuan St. (West),11,1,2022-05-22 08:30:20,2022-05-22 08:30:51,2022-05-22 08:13:38,2022-05-22
500110054,YouBike2.0_寶清公園,13,6,松山區,2022-05-22 08:26:12,25.05198,121.5681,寶清街/寶清街30巷(北側),Songshan Dist,YouBike2.0_Baoqing Park,Baoqing St. & Ln. 30， Baoqing St. Intersection (North),7,1,2022-05-22 08:30:20,2022-05-22 08:30:51,2022-05-22 08:26:12,2022-05-22
500110055,YouBike2.0_西松公園,11,5,松山區,2022-05-22 08:26:12,25.05406,121.56407,健康路/南京東路五段251巷50弄(西側),Songshan Dist,YouBike2.0_Xisong Park,Jiankang Rd. & Aly. 50， Ln. 251， Sec. 5， Nanjing E. Rd. Intersection (West),6,1,2022-05-22 08:30:20,2022-05-22 08:30:51,2022-05-22 08:26:12,2022-05-22
500110056,YouBike2.0_長壽公園,15,1,松山區,2022-05-22 08:00:27,25.05378,121.55893,健康路174號(旁),Songshan Dist,YouBike2.0_Changshou Park,No. 174， Jiankang Rd.,14,1,2022-05-22 08:30:20,2022-05-22 08:30:51,2022-05-22 08:00:27,2022-05-22
500110057,YouBike2.0_復源公園,14,11,松山區,2022-05-22 08:19:38,25.04634,121.5542,八德路三段106巷62號(對面),Songshan Dist,YouBike2.0_Fuyuan Park,No. 62， Ln. 106， Sec. 3， Bade Rd. (Opposite),3,1,2022-05-22 08:30:20,2022-05-22 08:30:51,2022-05-22 08:19:38,2022-05-22
500110058,YouBike2.0_南京東路四段179巷口,13,2,松山區,2022-05-22 06:57:37,25.05173,121.55609,南京東路四段163號(前),Songshan Dist,YouBike2.0_Ln. 179， Sec. 4， Nanjing E. Rd.,No. 163， Sec. 4， Nanjing E. Rd.,11,1,2022-05-22 08:30:20,2022-05-22 08:30:51,2022-05-22 06:57:37,2022-05-22
500110059,YouBike2.0_臺北田徑場(北寧路側),24,7,松山區,2022-05-22 07:58:11,25.04954,121.55261,八德路三段25號前,Songshan Dist,YouBike2.0_Taipei Stadium (Beining Rd.),No. 25， Sec. 3， Bade Rd.,17,1,2022-05-22 08:30:20,2022-05-22 08:30:51,2022-05-22 07:58:11,2022-05-22
500110060,YouBike2.0_西松高中(健康路325巷),13,10,松山區,2022-05-22 08:12:37,25.05567,121.56713,健康路325巷 / 健康路325巷12弄口(東北側),Songshan Dist,YouBike2.0_Xisong Senior High School (Ln. 325， Jiankang Rd.),Ln. 325， Jiankang Rd. & Aly. 12， Ln. 325， Jiankang Rd. Intersection (Northeast),3,1,2022-05-22 08:30:20,2022-05-22 08:30:51,2022-05-22 08:12:37,2022-05-22
500110061,YouBike2.0_南京東興路口,18,9,松山區,2022-05-22 08:24:38,25.05149,121.56535,南京東路五段 / 東興路口(北側),Songshan Dist,YouBike2.0_Nanjing Rd. & Dongxing Rd. Intersection,Sec. 5， Nanjing E. Rd. & Dongxing Rd. Intersection (North),9,1,2022-05-22 08:30:20,2022-05-22 08:30:51,2022-05-22 08:24:38,2022-05-22
500110062,YouBike2.0_捷運松山站(3號出口),30,12,松山區,2022-05-22 08:27:12,25.04962,121.57746,松山路/市民大道六段(西北側捷運3號出口),Songshan Dist,YouBike2.0_MRT Songshan Sta. (Exit 3),Songshan Rd. & Sec. 6， Civic Blvd. Intersection,7,1,2022-05-22 08:30:20,2022-05-22 08:30:51,2022-05-22 08:27:12,2022-05-22
500110063,YouBike2.0_介壽國中,12,3,松山區,2022-05-22 08:11:12,25.05722,121.55706,民生東路五段36巷/光復北路165巷,Songshan Dist,YouBike2.0_Jieshou Junior High School,Ln. 36， Sec. 5， Minsheng E. Rd. & Ln. 165， Guangfu N. Rd. Intersection,9,1,2022-05-22 08:30:20,2022-05-22 08:30:51,2022-05-22 08:11:12,2022-05-22
500111001,YouBike2.0_南港公園(東新街),20,4,南港區,2022-05-22 08:08:38,25.04591,121.59226,東新街170巷1號西南側,Nangang Dist,YouBike2.0_Nangang Park (Dongxin St),No. 1， Ln. 170， Dongxin St. Southwest),16,1,2022-05-22 08:30:20,2022-05-22 08:30:51,2022-05-22 08:08:38,2022-05-22
500111002,YouBike2.0_南港公園(福德街),24,13,南港區,2022-05-22 08:27:12,25.04128,121.59089,福德街383號北側,Nangang Dist,YouBike2.0_Nangang Park (Fude St),No. 383， Fude St. (North),8,1,2022-05-22 08:30:20,2022-05-22 08:30:51,2022-05-22 08:27:12,2022-05-22
500111003,YouBike2.0_捷運昆陽站(1號出口),30,6,南港區,2022-05-22 08:29:38,25.05014,121.59238,忠孝東路六段403號,Nangang Dist,YouBike2.0_MRT Kunyang Sta. (Exit 1),No. 403， Sec. 6， Zhongxiao E. Rd.,24,1,2022-05-22 08:30:20,2022-05-22 08:30:51,2022-05-22 08:29:38,2022-05-22
500111004,YouBike2.0_忠孝東路六段225巷口,35,22,南港區,2022-05-22 08:21:37,25.04919,121.58832,忠孝東路六段219號,Nangang Dist,YouBike2.0_Ln. 225， Sec. 6， Zhongxiao E. Rd Intersection,No. 219， Sec. 6， Zhongxiao E. Rd.,13,1,2022-05-22 08:30:20,2022-05-22 08:30:51,2022-05-22 08:21:37,2022-05-22
500111005,YouBike2.0_捷運後山埤站(1號出口),45,8,南港區,2022-05-22 08:18:12,25.04437,121.58133,中坡北路7號東側,Nangang Dist,YouBike2.0_MRT Houshanpi Sta (Exit 1),No. 7， Zhongpo N. Rd. (East),37,1,2022-05-22 08:30:20,2022-05-22 08:30:51,2022-05-22 08:18:12,2022-05-22
500111006,YouBike2.0_合樂公園,15,6,南港區,2022-05-22 07:52:12,25.04843,121.58154,玉成街46號東側,Nangang Dist,YouBike2.0_Hele Park,No. 46， Yucheng St. (East),9,1,2022-05-22 08:30:20,2022-05-22 08:30:51,2022-05-22 07:52:12,2022-05-22
500111007,YouBike2.0_合心廣場,20,8,南港區,2022-05-22 08:18:12,25.04608,121.58315,忠孝東路六段17號東北側,Nangang Dist,YouBike2.0_Hexing Square,No. 17， Sec. 6， Zhongxiao E. Rd. (Northeast),10,1,2022-05-22 08:30:20,2022-05-22 08:30:51,2022-05-22 08:18:12,2022-05-22
500111008,YouBike2.0_成德國中,16,1,南港區,2022-05-22 08:24:38,25.04592,121.5882,東新街118巷15號南側,Nangang Dist,YouBike2.0_Chengde Junior High School,No. 15， Ln. 118， Dongxin St. Southwest),12,1,2022-05-22 08:30:20,2022-05-22 08:30:51,2022-05-22 08:24:38,2022-05-22
500111009,YouBike2.0_玉成公園,20,3,南港區,2022-05-22 08:10:38,25.04281,121.58613,玉成街247號對側,Nangang Dist,YouBike2.0_Yucheng Park,No. 247， Yucheng St. (Opposite),13,1,2022-05-22 08:30:20,2022-05-22 08:30:51,2022-05-22 08:10:38,2022-05-22
500111010,YouBike2.0_研究院舊莊街口,30,0,南港區,2022-05-22 06:45:05,25.04239,121.61683,舊莊街一段1號西側,Nangang Dist,YouBike2.0_Academia Sinica (Jiuzhuang St. Intersection),No. 1， Sec. 1， Jiuzhuang St. (West),30,1,2022-05-22 08:30:20,2022-05-22 08:30:51,2022-05-22 06:45:05,2022-05-22
500111011,YouBike2.0_中研院綜合體育館東側,30,20,南港區,2022-05-22 08:17:37,25.04054,121.61374,研究院路二段128號(體育館),Nangang Dist,YouBike2.0_Academia Sinica Gymnasium (East),No. 128， Sec. 2， Academia Rd. (Gymnasium),9,1,2022-05-22 08:30:20,2022-05-22 08:30:51,2022-05-22 08:17:37,2022-05-22
500111012,YouBike2.0_國家生技園區,20,7,南港區,2022-05-22 07:57:37,25.04763,121.61145,研究院路一段130巷99號(國家生技園區),Nangang Dist,YouBike2.0_National Biotechnology Research Park,No. 128， Sec. 2， Academia Rd. (NBRP),13,1,2022-05-22 08:30:20,2022-05-22 08:30:51,2022-05-22 07:57:37,2022-05-22
500111013,YouBike2.0_捷運南港展覽館站(5號出口),56,23,南港區,2022-05-22 08:28:38,25.05469,121.61669,研究院路一段1號(5號出口),Nangang Dist,YouBike2.0_MRT Nangang Exhibition Center Sta. (Exit 5),No. 1， Sec. 1， Academia Rd. (Exit 5),33,1,2022-05-22 08:30:20,2022-05-22 08:30:51,2022-05-22 08:28:38,2022-05-22
500111014,YouBike2.0_中研公園,40,15,南港區,2022-05-22 08:25:38,25.04697,121.61375,研究院路二段12巷58弄9號西側,Nangang Dist,YouBike2.0_Academia Park,No. 9， Aly. 58， Ln. 12， Sec. 2， Academia Rd. (West),25,1,2022-05-22 08:30:20,2022-05-22 08:30:51,2022-05-22 08:25:38,2022-05-22
500111015,YouBike2.0_福山公園,20,10,南港區,2022-05-22 07:55:17,25.04499,121.61775,福山街44巷27號東南側,Nangang Dist,YouBike2.0_Fushan Park,No. 27， Ln. 44， Fushan St. (Southeast),10,1,2022-05-22 08:30:20,2022-05-22 08:30:51,2022-05-22 07:55:17,2022-05-22
500111016,YouBike2.0_舊莊區民活動中心,12,10,南港區,2022-05-22 08:01:12,25.04139,121.6191,舊莊街一段91巷11號西南側,Nangang Dist,YouBike2.0_Jiuzhuang Recreation Center,No. 11， Ln. 91， Sec. 1， Jiuzhuang St. Southwest),2,1,2022-05-22 08:30:20,2022-05-22 08:30:51,2022-05-22 08:01:12,2022-05-22
500111017,YouBike2.0_凌雲市場,20,2,南港區,2022-05-22 06:49:11,25.03564,121.61415,研究院路三段68巷9號北側,Nangang Dist,YouBike2.0_Lingyun Market,No. 9， Ln. 68， Sec. 3， Academia Rd. (North),18,1,2022-05-22 08:30:20,2022-05-22 08:30:51,2022-05-22 06:49:11,2022-05-22
500111018,YouBike2.0_市民大道八段532號,15,7,南港區,2022-05-22 08:27:12,25.054,121.61334,市民大道八段532號北側,Nangang Dist,YouBike2.0_No. 532， Sec. 8， Civic Blvd.,No. 532， Sec. 8， Civic Blvd. (North),8,1,2022-05-22 08:30:20,2022-05-22 08:30:51,2022-05-22 08:27:12,2022-05-22
500111019,YouBike2.0_捷運南港軟體園區(2號出口),27,9,南港區,2022-05-22 08:27:12,25.05933,121.61677,經貿二路183號(2號出口),Nangang Dist,YouBike2.0_MRT Nangang Software Park Sta. (Exit 2),No. 183， Jingmao 2nd Rd. (Exit 2),18,1,2022-05-22 08:30:20,2022-05-22 08:30:51,2022-05-22 08:27:12,2022-05-22
500111020,YouBike2.0_南港國小,20,10,南港區,2022-05-21 18:44:11,25.05668,121.61137,惠民街67號東南側,Nangang Dist,YouBike2.0_Nangang Elementary School,No. 67， Huimin St. (Southeast),10,1,2022-05-22 08:30:20,2022-05-22 08:30:51,2022-05-21 18:44:11,2022-05-21
500111021,YouBike2.0_興中立體停車場(興中路),26,14,南港區,2022-05-22 08:08:38,25.05629,121.607,興中路44巷1號東側,Nangang Dist,YouBike2.0_Xing Zhong Parking Lot (Xingzhong Rd.),No. 1， Ln. 44， Xingzhong Rd. (East),12,1,2022-05-22 08:30:20,2022-05-22 08:30:51,2022-05-22 08:08:38,2022-05-22
500111022,YouBike2.0_臺北市立圖書館南港分館,40,12,南港區,2022-05-22 08:15:13,25.05485,121.60866,南港路一段350號,Nangang Dist,YouBike2.0_Taipei Public Library Nangang Branch,No. 350， Sec. 1， Nangang Rd.,28,1,2022-05-22 08:30:20,2022-05-22 08:30:51,2022-05-22 08:15:13,2022-05-22
500111023,YouBike2.0_東陽公園,18,15,南港區,2022-05-22 07:52:12,25.05716,121.59792,重陽路125巷34號東側,Nangang Dist,YouBike2.0_Dongyang Park,No. 34， Ln. 125， Chongyang Rd. (East),3,1,2022-05-22 08:30:20,2022-05-22 08:30:51,2022-05-22 07:52:12,2022-05-22
500111024,YouBike2.0_向陽南港路口,17,6,南港區,2022-05-22 08:20:39,25.05437,121.59423,向陽路49號北側,Nangang Dist,YouBike2.0_Xiangyang Rd. & Nangang Rd. Intersection,No. 49， Xiangyang Rd. (North),11,1,2022-05-22 08:30:20,2022-05-22 08:30:51,2022-05-22 08:20:39,2022-05-22
500111025,YouBike2.0_南港車站(忠孝東路七段415巷),11,8,南港區,2022-05-22 08:07:11,25.05252,121.60922,忠孝東路七段510號西北側,Nangang Dist,YouBike2.0_Nangang Sta. (Ln. 415， Sec. 7， Zhongxiao E. Rd.),No. 510， Sec. 7， Zhongxiao E. Rd. (Northwest),3,1,2022-05-22 08:30:20,2022-05-22 08:30:51,2022-05-22 08:07:11,2022-05-22
500111026,YouBike2.0_捷運南港站(2號出口),17,7,南港區,2022-05-22 08:09:38,25.05201,121.60741,忠孝東路七段380號(2號出口),Nangang Dist,YouBike2.0_MRT Nangang Sta. (Exit 2),No. 380， Sec. 7， Zhongxiao E. Rd. (Exit 2),10,1,2022-05-22 08:30:20,2022-05-22 08:30:51,2022-05-22 08:09:38,2022-05-22
500111027,YouBike2.0_捷運南港站(1號出口),20,10,南港區,2022-05-22 07:29:10,25.05192,121.60642,忠孝東路七段380號(1號出口),Nangang Dist,YouBike2.0_MRT Nangang Sta. (Exit 1),No. 380， Sec. 7， Zhongxiao E. Rd. (Exit 1),10,1,2022-05-22 08:30:20,2022-05-22 08:30:51,2022-05-22 07:29:10,2022-05-22
500111028,YouBike2.0_東新國小,22,17,南港區,2022-05-22 08:23:04,25.05507,121.6028,東明街68號北側,Nangang Dist,YouBike2.0_Dongxin Elementary School,No. 68， Dongming St. (North),5,1,2022-05-22 08:30:20,2022-05-22 08:30:51,2022-05-22 08:23:04,2022-05-22
500111029,YouBike2.0_中華科技大學,20,9,南港區,2022-05-22 08:23:38,25.03392,121.60985,研究院路三段246號東側,Nangang Dist,YouBike2.0_China University of Science and Technology,No. 246， Sec. 3， Yanjiuyuan Rd. (East),11,1,2022-05-22 08:30:20,2022-05-22 08:30:51,2022-05-22 08:23:38,2022-05-22
500111030,YouBike2.0_六福公園,19,2,南港區,2022-05-22 08:29:38,25.04681,121.61703,研究院路二段35巷23弄25號北側,Nangang Dist,YouBike2.0_Liufu Park,No. 25， Aly. 23， Ln. 35， Sec. 2， Academia Rd. (North),17,1,2022-05-22 08:30:20,2022-05-22 08:30:51,2022-05-22 08:29:38,2022-05-22
500111031,YouBike2.0_南港加壓站,24,3,南港區,2022-05-22 08:29:11,25.04805,121.61594,研究院路二段3巷1號西側,Nangang Dist,YouBike2.0_Nangangjiaya Sta.,No. 1， Ln. 3， Sec. 2， Academia Rd. (West),21,1,2022-05-22 08:30:20,2022-05-22 08:30:51,2022-05-22 08:29:11,2022-05-22
500111032,YouBike2.0_台北流行音樂中心(南港路),21,19,南港區,2022-05-22 08:26:04,25.05343,121.59945,南港路二段200-1號南側,Nangang Dist,YouBike2.0_Taipei Pop Music Center,No. 200-1， Sec. 2， Nangang Rd.(South),2,1,2022-05-22 08:30:20,2022-05-22 08:30:51,2022-05-22 08:26:04,2022-05-22
500111033,YouBike2.0_興南公園,26,9,南港區,2022-05-22 08:28:12,25.05766,121.60396,重陽路269號南側,Nangang Dist,YouBike2.0_Xingnan Park,No. 269， Chongyang Rd. (South),17,1,2022-05-22 08:30:20,2022-05-22 08:30:51,2022-05-22 08:28:12,2022-05-22
500111034,YouBike2.0_台北流行音樂中心(市民大道),21,1,南港區,2022-05-22 07:23:04,25.05211,121.59839,市民大道八段99號,Nangang Dist,YouBike2.0_Taipei Pop Music Center (Civic Blvd),No. 99， Sec. 8， Civic Blvd.,20,1,2022-05-22 08:30:20,2022-05-22 08:30:51,2022-05-22 07:23:04,2022-05-22
500111035,YouBike2.0_南港車站(市民大道),30,21,南港區,2022-05-22 08:28:38,25.05326,121.60656,南港路一段313號(市民大道),Nangang Dist,YouBike2.0_Nangang Train Sta. (Civic Blvd),No. 313， Sec. 1， Nangang Rd.,9,1,2022-05-22 08:30:20,2022-05-22 08:30:51,2022-05-22 08:28:38,2022-05-22
500111036,YouBike2.0_忠孝東路七段527巷口,15,6,南港區,2022-05-22 08:07:11,25.05266,121.61275,忠孝東路七段552號,Nangang Dist,YouBike2.0_Ln. 527， Sec. 7， Zhongxiao E Rd. Intersection,No. 552， Sec. 7， Zhongxiao E Rd.,9,1,2022-05-22 08:30:20,2022-05-22 08:30:51,2022-05-22 08:07:11,2022-05-22
500111037,YouBike2.0_南港軟體園區(新民街),19,13,南港區,2022-05-22 08:19:38,25.05627,121.61369,新民街15號北側,Nangang Dist,YouBike2.0_NKSP (Xinmin St),No. 15， Xinmin St. (North),6,1,2022-05-22 08:30:20,2022-05-22 08:30:51,2022-05-22 08:19:38,2022-05-22
500111038,YouBike2.0_世貿公園,35,14,南港區,2022-05-22 08:18:38,25.05831,121.61422,經貿二路188-1號,Nangang Dist,YouBike2.0_World Trade Park,No. 188-1， Jingmao 2nd Rd.,21,1,2022-05-22 08:30:20,2022-05-22 08:30:51,2022-05-22 08:18:38,2022-05-22
500111039,YouBike2.0_凌雲五村(研究院路三段8巷),26,7,南港區,2022-05-22 07:30:37,25.03595,121.61688,研究院路三段10巷1號東側,Nangang Dist,YouBike2.0_Lingyun Village 5 (Ln. 8， Sec. 3， Yanjiuyuan Rd.),No. 1， Ln. 10， Sec. 3， Yanjiuyuan Rd. (East),19,1,2022-05-22 08:30:20,2022-05-22 08:30:51,2022-05-22 07:30:37,2022-05-22
500111040,YouBike2.0_新新公園(昆陽街60巷),20,6,南港區,2022-05-22 08:04:11,25.0521,121.59053,南港路三段47巷8號南側,Nangang Dist,YouBike2.0_Xinxin Park (Ln. 60， Kunyang St.),No. 8， Ln. 47， Sec. 3， Nangang Rd. (South),11,1,2022-05-22 08:30:20,2022-05-22 08:30:51,2022-05-22 08:04:11,2022-05-22
500111041,YouBike2.0_南港高中(昆陽街),14,11,南港區,2022-05-22 07:33:11,25.05285,121.59279,昆陽街58號東側,Nangang Dist,YouBike2.0_Nangang Senior High School (Kunyang St.),No. 58， Kunyang St. (East),3,1,2022-05-22 08:30:20,2022-05-22 08:30:51,2022-05-22 07:33:11,2022-05-22
500111042,YouBike2.0_南港路三段290巷口,20,5,南港區,2022-05-22 08:05:11,25.05234,121.58152,南港路三段314巷20號,Nangang Dist,YouBike2.0_Ln. 290， Sec. 3， Nangang Rd. Intersection,No.20， Ln. 314， Sec. 3， Nangang Rd.,14,1,2022-05-22 08:30:20,2022-05-22 08:30:51,2022-05-22 08:05:11,2022-05-22
500111043,YouBike2.0_南港路三段220巷口,25,7,南港區,2022-05-22 06:55:38,25.05289,121.58599,南港路三段133號,Nangang Dist,YouBike2.0_Ln. 220， Sec. 3， Nangang Rd. Intersection,No. 133， Sec. 3， Nangang Rd.,18,1,2022-05-22 08:30:20,2022-05-22 08:30:51,2022-05-22 06:55:38,2022-05-22
500111044,YouBike2.0_南港東新街口,28,17,南港區,2022-05-22 07:06:28,25.05168,121.58284,東新街4號東側,Nangang Dist,YouBike2.0_Nangang Rd. & Dongxin St. Intersection,No. 4， Dongxin St. (East),11,1,2022-05-22 08:30:20,2022-05-22 08:30:51,2022-05-22 07:06:28,2022-05-22
500111045,YouBike2.0_八德中坡路口,26,10,南港區,2022-05-22 08:19:38,25.05064,121.5803,八德路四段873號,Nangang Dist,YouBike2.0_Bade Rd. & Zhongpo Rd. Intersection,No. 873， Sec. 4， Bade Rd.,16,1,2022-05-22 08:30:20,2022-05-22 08:30:51,2022-05-22 08:19:38,2022-05-22
500111046,YouBike2.0_捷運後山埤站(3號出口),12,4,南港區,2022-05-22 08:25:12,25.04511,121.5836,玉成街150號,Nangang Dist,YouBike2.0_MRT Houshanpi Sta. (Exit 3),No. 150， Yucheng St.,8,1,2022-05-22 08:30:20,2022-05-22 08:30:51,2022-05-22 08:25:12,2022-05-22
500111047,YouBike2.0_玉成公園運動中心,15,2,南港區,2022-05-22 08:16:12,25.04193,121.58493,中坡南路19號,Nangang Dist,YouBike2.0_Yucheng Park Sports Center,-No. 19， Zhongpo S. Rd.,12,1,2022-05-22 08:30:20,2022-05-22 08:30:51,2022-05-22 08:16:12,2022-05-22
500111048,YouBike2.0_百福公園,18,18,南港區,2022-05-22 08:02:37,25.03884,121.58788,福德街309巷7號南側,Nangang Dist,YouBike2.0_Baifu Park,No. 7， Ln. 309， Fude St. (South),0,1,2022-05-22 08:30:20,2022-05-22 08:30:51,2022-05-22 08:02:37,2022-05-22
500111049,YouBike2.0_南湖大橋(經貿二路255巷),20,11,南港區,2022-05-22 02:00:38,25.06148,121.61384,經貿二路255巷1號,Nangang Dist,YouBike2.0_Nanhu Bridge (Ln. 255， Jingmao 2nd Rd.),No. 1， Ln. 255， Jingmao 2nd Rd.,9,1,2022-05-22 08:30:20,2022-05-22 08:30:51,2022-05-22 02:00:38,2022-05-22
500111050,YouBike2.0_園區重陽路口,13,4,南港區,2022-05-22 06:13:37,25.05937,121.61072,重陽路458號西側,Nangang Dist,YouBike2.0_Park St. & Chongyang Rd. Intersection,No. 458， Chongyang Rd.(West),9,1,2022-05-22 08:30:20,2022-05-22 08:30:51,2022-05-22 06:13:37,2022-05-22
500111051,YouBike2.0_南港車站B棟(市民大道),16,8,南港區,2022-05-22 08:16:12,25.05293,121.60549,忠孝東路七段359號(市民大道),Nangang Dist,YouBike2.0_Nangang Station Building B (Civic Blvd.),No. 359， Sec. 7， Zhongxiao E. Rd.,8,1,2022-05-22 08:30:20,2022-05-22 08:30:51,2022-05-22 08:16:12,2022-05-22
500111052,YouBike2.0_胡適公園,20,11,南港區,2022-05-21 23:32:38,25.04014,121.61766,研究院路二段/研究院路二段132巷北側,Nangang Dist,YouBike2.0_Dr.Hu Shih Park,No. 130， Sec. 2， Academia Rd. Intersection (East),9,1,2022-05-22 08:30:20,2022-05-22 08:30:51,2022-05-21 23:32:38,2022-05-21
500111053,YouBike2.0_南港抽水站,15,7,南港區,2022-05-22 08:16:12,25.06164,121.61267,重陽路505號,Nangang Dist,YouBike2.0_Nangang Pumping Station,No. 505， Chongyang Rd.,8,1,2022-05-22 08:30:20,2022-05-22 08:30:51,2022-05-22 08:16:12,2022-05-22
500111054,YouBike2.0_經貿公園,20,12,南港區,2022-05-21 19:00:30,25.06271,121.61597,經園街58號北側,Nangang Dist,YouBike2.0_Jingmao Park,No. 58， Jingyuan St. (North),8,1,2022-05-22 08:30:20,2022-05-22 08:30:51,2022-05-21 19:00:30,2022-05-21
500111055,YouBike2.0_育成高中,20,7,南港區,2022-05-22 07:35:12,25.05853,121.60983,惠民街71號西側,Nangang Dist,YouBike2.0_Yu Cheng Senior High School,No. 71， Huimin St. (West),13,1,2022-05-22 08:30:20,2022-05-22 08:30:51,2022-05-22 07:35:12,2022-05-22
500111056,YouBike2.0_捷運南港展覽館站(7號出口),20,6,南港區,2022-05-22 07:51:37,25.05436,121.6181,富康街1巷16弄2號東側,Nangang Dist,YouBike2.0_MRT Nangang Exhibition Center Sta. (Exit 7),No. 2， Aly. 16， Ln. 1， Fukang St. (East),14,1,2022-05-22 08:30:20,2022-05-22 08:30:51,2022-05-22 07:51:37,2022-05-22
500111057,YouBike2.0_力行橋(南港),18,8,南港區,2022-05-22 08:28:38,25.05172,121.61686,研究院路一段101巷16弄2號南側,Nangang Dist,YouBike2.0_Lixing Bridge (Nangang),No. 2， Aly. 16， Ln. 101， Sec. 1， Academia Rd.,10,1,2022-05-22 08:30:20,2022-05-22 08:30:51,2022-05-22 08:28:38,2022-05-22
500111058,YouBike2.0_舊莊國小(舊莊街一段),15,7,南港區,2022-05-22 08:19:38,25.03987,121.62015,舊莊街一段/舊莊街一段145巷口,Nangang Dist,YouBike2.0_JiuZhuang Elementary School(Sec. 1， Jiuzong Rd.),Sec. 1， Jiuzong Rd. & Ln. 145， Sec. 1， Jiuzong Rd. Intersection,7,1,2022-05-22 08:30:20,2022-05-22 08:30:51,2022-05-22 08:19:38,2022-05-22
500111059,YouBike2.0_向陽公園,17,11,南港區,2022-05-22 06:30:20,25.05705,121.59265,成功路一段76號對側,Nangang Dist,YouBike2.0_Siangyang Greens,No. 76， Sec. 1， Chenggong Rd. (Opposite),6,1,2022-05-22 08:30:20,2022-05-22 08:30:51,2022-05-22 06:30:20,2022-05-22
500111060,YouBike2.0_小彎社會住宅,36,8,南港區,2022-05-22 08:17:37,25.0582,121.59368,向陽路258巷/重陽路39巷口(西南側),Nangang Dist,YouBike2.0_Xiaowan Social Housing,Ln. 258， Xiangyang Rd. & Ln. 39， Chongyang Rd. Intersection (Southwest),28,1,2022-05-22 08:30:20,2022-05-22 08:30:51,2022-05-22 08:17:37,2022-05-22
500111061,YouBike2.0_捷運南港展覽館站(6號出口),25,18,南港區,2022-05-21 23:10:17,25.05465,121.6185,南港路一段28號旁,Nangang Dist,YouBike2.0_MRT Nangang Exhibition Center Sta. (Exit 6),No. 28， Sec. 1， Nangang Rd.,7,1,2022-05-22 08:30:20,2022-05-22 08:30:51,2022-05-21 23:10:17,2022-05-21
500111062,YouBike2.0_捷運南港展覽館站(4號出口),22,7,南港區,2022-05-22 06:30:28,25.05535,121.61838,南港路一段32號(4號出口),Nangang Dist,YouBike2.0_MRT Nangang Exhibition Center Sta. (Exit 4),No. 32， Sec. 1， Nangang Rd.,15,1,2022-05-22 08:30:20,2022-05-22 08:30:51,2022-05-22 06:30:28,2022-05-22
500111063,YouBike2.0_成德綠地,17,9,南港區,2022-05-22 08:24:12,25.04675,121.58731,東新街65號東南側,Nangang Dist,YouBike2.0_Chengde Greens,No. 65， Dongxin St. (Southeast),8,1,2022-05-22 08:30:20,2022-05-22 08:30:51,2022-05-22 08:24:12,2022-05-22
500111064,YouBike2.0_南港公園(東新街170巷),16,7,南港區,2022-05-21 22:19:41,25.04134,121.59323,東新街170巷63號對側,Nangang Dist,YouBike2.0_Nangang Park (Ln. 170， Dongxin St.),No. 63， Ln. 170， Dongxin St. (Opposite),9,1,2022-05-22 08:30:20,2022-05-22 08:30:51,2022-05-21 22:19:41,2022-05-21
500111065,YouBike2.0_中坡市民路口(東北側),19,16,南港區,2022-05-22 06:58:11,25.04969,121.58028,中坡北路/市民大道七段路口(東北側),Nangang Dist,YouBike2.0_Zhongpo Rd. & Civic Blvd. Intersection (Northeast),Zhongpo N. Rd. & Sec. 7， Civic Blvd. Intersection (Northeast),3,1,2022-05-22 08:30:20,2022-05-22 08:30:51,2022-05-22 06:58:11,2022-05-22
500111066,YouBike2.0_昆陽公園,14,7,南港區,2022-05-22 07:16:38,25.0483,121.59425,昆陽街173號對側,Nangang Dist,YouBike2.0_Kunyang Park,No. 173， Kunyang St.,7,1,2022-05-22 08:30:20,2022-05-22 08:30:51,2022-05-22 07:16:38,2022-05-22
500111067,YouBike2.0_南港路二段178巷口,18,11,南港區,2022-05-22 08:27:37,25.05368,121.59969,南港路二段 / 南港路二段178巷口(北側),Nangang Dist,YouBike2.0_Ln. 178， Sec. 2， Nangang Rd.,Sec. 2， Nangang Rd. & Ln. 178， Sec. 2， Nangang Rd. Intersection (North),7,1,2022-05-22 08:30:20,2022-05-22 08:30:51,2022-05-22 08:27:37,2022-05-22
500111068,YouBike2.0_南港車站(忠孝東路),20,3,南港區,2022-05-22 08:19:38,25.05247,121.6082,忠孝東路七段與忠孝東路七段415巷交叉口,Nangang Dist,YouBike2.0_Nangang Train Sta. (Zhongxiao E. Rd.),Sec. 7， Zhongxiao E. Rd. & Ln. 415， Sec. 7， Zhongxiao E. Rd. Intersection,15,1,2022-05-22 08:30:20,2022-05-22 08:30:51,2022-05-22 08:19:38,2022-05-22
500111069,YouBike2.0_南港車站(興華路),21,10,南港區,2022-05-22 08:24:38,25.05343,121.60633,興華路/市民大道八段路口西北側人行道,Nangang Dist,YouBike2.0_Nangang Train Sta. (Xinghua Rd.),Xinghua Rd. & Sec. 8， Civic Blvd. Intersection (Northwest),8,1,2022-05-22 08:30:20,2022-05-22 08:30:51,2022-05-22 08:24:38,2022-05-22
500111070,YouBike2.0_玉成公園(成福路178巷口),18,3,南港區,2022-05-22 08:20:39,25.04177,121.58735,成福路178巷8號對側,Nangang Dist,YouBike2.0_Yucheng Park (Ln. 178， Chengfu Rd.),No. 8， Ln. 178， Chengfu Rd. (Opposite),10,1,2022-05-22 08:30:20,2022-05-22 08:30:51,2022-05-22 08:20:39,2022-05-22
500111071,YouBike2.0_玉東公園(東新街),14,2,南港區,2022-05-22 07:46:37,25.04998,121.58383,東新街/市民大道七段(北側),Nangang Dist,YouBike2.0_Yudong Park (Dongxin St.),Dongxin St. & Sec. 7， Civic Blvd. Intersection (North),12,1,2022-05-22 08:30:20,2022-05-22 08:30:51,2022-05-22 07:46:37,2022-05-22
500111072,YouBike2.0_南港出租國宅社區,25,1,南港區,2022-05-22 08:15:13,25.03878,121.59302,福德街373巷80號前,Nangang Dist,YouBike2.0_Nangang Community,No. 80， Ln. 373， Fude St.,24,1,2022-05-22 08:30:20,2022-05-22 08:30:51,2022-05-22 08:15:13,2022-05-22
500111113,YouBike2.0_內湖機廠(港東街),15,11,南港區,2022-05-22 07:47:37,25.058,121.62189,經貿一路77號(港東街),Nangang Dist,YouBike2.0_Taipei Metro Neihu Depot (Gangdong St.),No. 77， Jingmao 1st Rd. (Gangdong St.),4,1,2022-05-22 08:30:20,2022-05-22 08:30:51,2022-05-22 07:47:37,2022-05-22
500112001,YouBike2.0_黎忠區民活動中心,16,6,信義區,2022-05-22 08:19:12,25.02035,121.55769,和平東路三段391巷16號,Xinyi Dist,YouBike2.0_Lizhong Community Center,No. 16， Ln. 391， Sec. 3， Heping E. Rd.,10,1,2022-05-22 08:30:20,2022-05-22 08:30:51,2022-05-22 08:19:12,2022-05-22
500112002,YouBike2.0_基隆路二段159巷口,15,0,信義區,2022-05-03 16:18:16,25.02561,121.55409,基隆路二段155號,Xinyi Dist,YouBike2.0_Ln. 159， Sec. 2， Keelung Rd. Intersection,No. 155， Sec. 2， Keelung Rd.,15,0,2022-05-22 08:30:20,2022-05-22 08:30:51,2022-05-03 16:18:16,2022-05-03
500112003,YouBike2.0_嘉興街175巷口,16,0,信義區,2022-05-22 07:40:09,25.02811,121.55671,基隆路二段131-4號(前),Xinyi Dist,YouBike2.0_Ln. 175， Jiaxing St Intersection.,No. 131-4， Sec. 2， Keelung Rd.,14,1,2022-05-22 08:30:20,2022-05-22 08:30:51,2022-05-22 07:40:09,2022-05-22
500112004,YouBike2.0_和平東路三段631巷口,15,5,信義區,2022-05-22 00:38:11,25.0132,121.56335,和平東路三段633號前,Xinyi Dist,YouBike2.0_Ln. 631， Sec. 3， Heping E. Rd Intersection,No. 633， Sec. 3， Heping E. Rd.,10,1,2022-05-22 08:30:20,2022-05-22 08:30:51,2022-05-22 00:38:11,2022-05-22
500112005,YouBike2.0_和平東路三段530巷口,15,11,信義區,2022-05-22 08:13:11,25.01545,121.56134,和平東路三段530巷口東北側,Xinyi Dist,YouBike2.0_Ln. 530， Sec. 3， Heping E. Rd Intersection,Ln. 530， Sec. 3， Heping E. Rd Intersection (Northeast),4,1,2022-05-22 08:30:20,2022-05-22 08:30:51,2022-05-22 08:13:11,2022-05-22
500112006,YouBike2.0_景勤二號公園,41,19,信義區,2022-05-22 08:20:39,25.02698,121.55841,信安街50號(對面),Xinyi Dist,YouBike2.0_Jingqin No. 2 Park,No. 50， Xin'an St. (Opposite),22,1,2022-05-22 08:30:20,2022-05-22 08:30:51,2022-05-22 08:20:39,2022-05-22
500112007,YouBike2.0_臺北醫學大學,47,19,信義區,2022-05-22 08:23:38,25.02668,121.56175,台北醫學大學(吳興街220巷59弄),Xinyi Dist,YouBike2.0_Taipei Medical University,Taipei Medical University (Aly. 59， Ln. 220， Wuxing St),28,1,2022-05-22 08:30:20,2022-05-22 08:30:51,2022-05-22 08:23:38,2022-05-22
500112008,YouBike2.0_三興公園,31,8,信義區,2022-05-22 08:27:37,25.02868,121.55932,吳興街118巷35弄28號前方(三興公園),Xinyi Dist,YouBike2.0_Sanxing Park,No. 28， Aly. 35， Ln. 118， Wuxing St. (Sanxing Park),15,1,2022-05-22 08:30:20,2022-05-22 08:30:51,2022-05-22 08:27:37,2022-05-22
500112009,YouBike2.0_松德站,38,15,信義區,2022-05-22 08:29:11,25.03162,121.57396,松德路300號南側,Xinyi Dist,YouBike2.0_Songde Sta.,No. 300， Songde Rd. (South),23,1,2022-05-22 08:30:20,2022-05-22 08:30:51,2022-05-22 08:29:11,2022-05-22
500112010,YouBike2.0_捷運象山站(2號出口),31,15,信義區,2022-05-22 08:26:12,25.03222,121.56974,信義路五段128號東側,Xinyi Dist,YouBike2.0_MRT Xiangshan Sta. (Exit 2),No. 128， Sec. 5， Xinyi Rd. (East),16,1,2022-05-22 08:30:20,2022-05-22 08:30:51,2022-05-22 08:26:12,2022-05-22
500112011,YouBike2.0_象山公園,25,9,信義區,2022-05-22 08:28:38,25.02863,121.56981,松仁路153巷15號東側,Xinyi Dist,YouBike2.0_Xiangshan Park,No. 15， Ln. 153， Songren Rd. (East),16,1,2022-05-22 08:30:20,2022-05-22 08:30:51,2022-05-22 08:28:38,2022-05-22
500112012,YouBike2.0_松仁路253巷3弄,19,2,信義區,2022-05-22 08:27:37,25.02678,121.56884,松仁路215巷6號,Xinyi Dist,YouBike2.0_Aly. 3， Ln. 253， Songren Rd,No. 6， Ln. 215， Songren Rd.,13,1,2022-05-22 08:30:20,2022-05-22 08:30:51,2022-05-22 08:27:37,2022-05-22
500112013,YouBike2.0_興雅國中,18,12,信義區,2022-05-22 08:20:39,25.03616,121.56983,松仁路101號東側,Xinyi Dist,YouBike2.0_Xingya Junior High School,No. 101， Songren Rd. (East),2,1,2022-05-22 08:30:20,2022-05-22 08:30:51,2022-05-22 08:20:39,2022-05-22
500112014,YouBike2.0_捷運象山站(1號出口),24,1,信義區,2022-05-22 08:24:12,25.03295,121.56867,信義路5段152號(1號出口),Xinyi Dist,YouBike2.0_MRT Xiangshan Sta. (Exit 1),No. 152， Sec. 5， Xinyi Rd. (Exit 1),23,1,2022-05-22 08:30:20,2022-05-22 08:30:51,2022-05-22 08:24:12,2022-05-22
500112015,YouBike2.0_松德路200巷,41,24,信義區,2022-05-22 08:04:12,25.03471,121.57301,松德路200巷53號北側,Xinyi Dist,YouBike2.0_Ln. 200， Songde Rd,No. 53， Ln. 200， Songde Rd. (North),17,1,2022-05-22 08:30:20,2022-05-22 08:30:51,2022-05-22 08:04:12,2022-05-22
500112016,YouBike2.0_中全公園,17,9,信義區,2022-05-22 08:27:12,25.0382,121.57495,虎林街164巷54號北側,Xinyi Dist,YouBike2.0_Zhongquan Park,No. 54， Ln. 164， Hulin St. (North),8,1,2022-05-22 08:30:20,2022-05-22 08:30:51,2022-05-22 08:27:12,2022-05-22
500112017,YouBike2.0_台北市災害應變中心,25,17,信義區,2022-05-22 08:23:38,25.02868,121.56672,莊敬路391巷11弄2號(東北側),Xinyi Dist,YouBike2.0_Taipei Emergency Operation Center,No. 2， Aly. 11， Ln. 391， Zhuangjing Rd. (Northeast),8,1,2022-05-22 08:30:20,2022-05-22 08:30:51,2022-05-22 08:23:38,2022-05-22
500112018,YouBike2.0_信義運動中心,33,28,信義區,2022-05-22 08:29:38,25.03189,121.56678,松勤街100號(前),Xinyi Dist,YouBike2.0_Taipei Xinyi Sports Center,No. 100， Songqin St.,5,1,2022-05-22 08:30:20,2022-05-22 08:30:51,2022-05-22 08:29:38,2022-05-22
500112019,YouBike2.0_捷運台北101/世貿站(3號出口),15,6,信義區,2022-05-22 08:15:39,25.03275,121.56337,信義路五段16號前,Xinyi Dist,YouBike2.0_MRT Taipei 101/World Trade Center Sta. (Exit 3),No. 16， Sec. 5， Xinyi Rd.,8,1,2022-05-22 08:30:20,2022-05-22 08:30:51,2022-05-22 08:15:39,2022-05-22
500112020,YouBike2.0_景新公園,17,5,信義區,2022-05-22 08:22:38,25.03003,121.56287,莊敬路239巷12號(對面),Xinyi Dist,YouBike2.0_Jingxin Park,No. 12， Ln. 239， Zhuangjing Rd. (Opposite),11,1,2022-05-22 08:30:20,2022-05-22 08:30:51,2022-05-22 08:22:38,2022-05-22
500112021,YouBike2.0_光復信義路口東南側,16,9,信義區,2022-05-22 08:26:38,25.03281,121.55756,光復南路485號前方,Xinyi Dist,YouBike2.0_Guangfu S. Rd & Sec. 4， Xinyi Rd Intersection (Southeast),No. 485， Guangfu S. Rd.,7,1,2022-05-22 08:30:20,2022-05-22 08:30:51,2022-05-22 08:26:38,2022-05-22
500112022,YouBike2.0_三張犁,16,2,信義區,2022-05-22 08:24:38,25.03452,121.5576,光復南路455號前方,Xinyi Dist,YouBike2.0_Sanzhangli,No. 455， Guangfu S. Rd.,13,1,2022-05-22 08:30:20,2022-05-22 08:30:51,2022-05-22 08:24:38,2022-05-22
500112023,YouBike2.0_仁愛路四段496巷口,21,4,信義區,2022-05-22 08:13:11,25.03745,121.5602,仁愛路四段與仁愛路四段496巷口西南側,Xinyi Dist,YouBike2.0_Ln. 496， Sec. 4， Ren'ai Rd Intersection,Sec. 4， Ren'ai Rd & Ln. 496， Sec. 4， Ren'ai Rd Intersection.(Southwest),17,1,2022-05-22 08:30:20,2022-05-22 08:30:51,2022-05-22 08:13:11,2022-05-22
500112024,YouBike2.0_松山工農,34,12,信義區,2022-05-22 08:27:12,25.03961,121.57199,忠孝東路五段236巷15號(前),Xinyi Dist,YouBike2.0_Songshan High School of Agriculture and Industry,No. 15， Ln. 236， Sec. 5， Zhongxiao E. Rd.,22,1,2022-05-22 08:30:20,2022-05-22 08:30:51,2022-05-22 08:27:12,2022-05-22
500112025,YouBike2.0_松友公園,15,4,信義區,2022-05-22 08:19:12,25.03423,121.57636,信義路六段76巷2弄22號(對面),Xinyi Dist,YouBike2.0_Songyou Park,No. 22， Aly. 2， Ln. 76， Sec. 6， Xinyi Rd. (Opposite),10,1,2022-05-22 08:30:20,2022-05-22 08:30:51,2022-05-22 08:19:12,2022-05-22
500112026,YouBike2.0_林口公園,41,17,信義區,2022-05-22 08:29:11,25.03894,121.57915,林口街82號(對面),Xinyi Dist,YouBike2.0_Linkou Park,No. 82， Linkou St. (Opposite),8,1,2022-05-22 08:30:20,2022-05-22 08:30:51,2022-05-22 08:29:11,2022-05-22
500112027,YouBike2.0_松山家商,25,5,信義區,2022-05-22 07:55:17,25.0347,121.58018,松山路655號(前),Xinyi Dist,YouBike2.0_Songshan High School of Commerce and Home Economics,No. 655， Songshan Rd.,20,1,2022-05-22 08:30:20,2022-05-22 08:30:51,2022-05-22 07:55:17,2022-05-22
500112028,YouBike2.0_永春陂濕地公園,23,11,信義區,2022-05-22 08:27:12,25.03301,121.58096,松山路721號(對面),Xinyi Dist,YouBike2.0_Yong Chun Pi Wetland Park,No. 721， Songshan Rd. (Opposite),12,1,2022-05-22 08:30:20,2022-05-22 08:30:51,2022-05-22 08:27:12,2022-05-22
500112029,YouBike2.0_臺北市政府,48,18,信義區,2022-05-22 08:26:38,25.03801,121.56541,台北市政府東門(松智路),Xinyi Dist,YouBike2.0_Taipei City Hall,Taipei City Hall East Gate. (Songzhi Rd),29,1,2022-05-22 08:30:20,2022-05-22 08:30:51,2022-05-22 08:26:38,2022-05-22
500112030,YouBike2.0_松智松壽路口,39,17,信義區,2022-05-22 08:27:12,25.03607,121.56535,松智路/松壽路(西北側),Xinyi Dist,YouBike2.0_Songzhi Rd & Songshou Rd Intersection,Songzhi Rd & Songshou Rd Intersection. (Northwest),21,1,2022-05-22 08:30:20,2022-05-22 08:30:51,2022-05-22 08:27:12,2022-05-22
500112031,YouBike2.0_市府松壽路口,28,12,信義區,2022-05-22 08:26:12,25.03627,121.56383,市府路/松壽路(東北側),Xinyi Dist,YouBike2.0_Shifu Rd & Songshou Rd Intersection,Shifu Rd & Songshou Rd Intersection. (Northeast),16,1,2022-05-22 08:30:20,2022-05-22 08:30:51,2022-05-22 08:26:12,2022-05-22
500112032,YouBike2.0_市府松高路口,24,19,信義區,2022-05-22 08:26:12,25.03899,121.56369,市府路/松高路(東南側),Xinyi Dist,YouBike2.0_Shifu Rd & Songgao Rd Intersection,Shifu Rd & Songgao Rd Intersection. (Southeast),5,1,2022-05-22 08:30:20,2022-05-22 08:30:51,2022-05-22 08:26:12,2022-05-22
500112033,YouBike2.0_市民廣場,30,7,信義區,2022-05-22 08:16:38,25.03599,121.56218,市府路/松壽路(西北側),Xinyi Dist,YouBike2.0_City Hall Square,Shifu Rd & Songshou Rd Intersection. (Northwest),23,1,2022-05-22 08:30:20,2022-05-22 08:30:51,2022-05-22 08:16:38,2022-05-22
500112035,YouBike2.0_信義廣場(台北101),36,13,信義區,2022-05-22 08:22:38,25.03306,121.5662,松智路/信義路(東北側),Xinyi Dist,YouBike2.0_Xinyi Plaza (Taipei 101),Songzhi Rd & Xinyi Rd Intersection. (Northeast),22,1,2022-05-22 08:30:20,2022-05-22 08:30:51,2022-05-22 08:22:38,2022-05-22
500112036,YouBike2.0_捷運台北101/世貿站(5號出口),15,5,信義區,2022-05-22 08:27:37,25.03338,121.56333,市府路/信義路(西北側),Xinyi Dist,YouBike2.0_MRT Taipei 101/World Trade Center Sta. (Exit 5),Shifu Rd & Xinyi Rd Intersection. (Northwest),9,1,2022-05-22 08:30:20,2022-05-22 08:30:51,2022-05-22 08:27:37,2022-05-22
500112037,YouBike2.0_春光公園,24,4,信義區,2022-05-22 08:28:12,25.0427,121.58112,林口街230號(斜對面),Xinyi Dist,YouBike2.0_Chunguang Park,No. 230， Linkou St. (Opposite),20,1,2022-05-22 08:30:20,2022-05-22 08:30:51,2022-05-22 08:28:12,2022-05-22
500112038,YouBike2.0_松仁路121巷口,31,5,信義區,2022-05-22 08:28:38,25.03476,121.56865,松仁路123號北側,Xinyi Dist,YouBike2.0_Ln. 121， Songren Rd Intersection,No. 123， Songren Rd. (North),26,1,2022-05-22 08:30:20,2022-05-22 08:30:51,2022-05-22 08:28:38,2022-05-22
500112039,YouBike2.0_福德國小,27,24,信義區,2022-05-22 08:25:38,25.03846,121.58618,福德街251巷2號對側,Xinyi Dist,YouBike2.0_Fude Elementary School,No. 2， Ln. 251， Fude St. (Opposite),3,1,2022-05-22 08:30:20,2022-05-22 08:30:51,2022-05-22 08:25:38,2022-05-22
500112040,YouBike2.0_福德公園,22,0,信義區,2022-05-03 16:31:17,25.03897,121.5833,大道路135號對側,Xinyi Dist,YouBike2.0_Fude Park,No. 135， Dadao Rd. (Opposite),22,0,2022-05-22 08:30:20,2022-05-22 08:30:51,2022-05-03 16:31:17,2022-05-03
500112042,YouBike2.0_松高路(信義新天地A4館),17,10,信義區,2022-05-22 06:02:11,25.03918,121.56654,松高路19號,Xinyi Dist,YouBike2.0_Songgao Rd. (Xinyi Place A4),No. 19， Songgao Rd.,7,1,2022-05-22 08:30:20,2022-05-22 08:30:51,2022-05-22 06:02:11,2022-05-22
500112043,YouBike2.0_興雅松仁路口,65,30,信義區,2022-05-22 08:29:11,25.0401,121.56822,松仁路28號北側,Xinyi Dist,YouBike2.0_Xingya Rd. & Songren Rd. Intersection,No. 28， Songren Rd. (North),35,1,2022-05-22 08:30:20,2022-05-22 08:30:51,2022-05-22 08:29:11,2022-05-22
500112044,YouBike2.0_福祥公園,19,5,信義區,2022-05-22 08:27:37,25.04626,121.57045,松隆路99號西南側,Xinyi Dist,YouBike2.0_Fuxiang Park (Aly. 11， Ln. 127， Yongji Rd.),No. 99， Songlong Rd. (Southwest),14,1,2022-05-22 08:30:20,2022-05-22 08:30:51,2022-05-22 08:27:37,2022-05-22
500112045,YouBike2.0_吳興公車總站,44,23,信義區,2022-05-22 08:28:12,25.02388,121.56984,松仁路277號南側,Xinyi Dist,YouBike2.0_Bus Wuxing Sta.,No. 277， Songren Rd. (South),21,1,2022-05-22 08:30:20,2022-05-22 08:30:51,2022-05-22 08:28:12,2022-05-22
500112046,YouBike2.0_泰和公園,20,12,信義區,2022-05-22 08:29:38,25.0193,121.57105,吳興街600巷81號西側,Xinyi Dist,YouBike2.0_Taihe Park,No. 81， Ln. 600， Wuxing St. (West),7,1,2022-05-22 08:30:20,2022-05-22 08:30:51,2022-05-22 08:29:38,2022-05-22
500112047,YouBike2.0_興雅國小(基隆路一段37巷),15,2,信義區,2022-05-22 07:54:11,25.04773,121.56895,基隆路一段83巷9號西側,Xinyi Dist,YouBike2.0_Xingya Elementary School (Ln. 37， Sec. 1， Jilong Rd.),No. 9， Ln. 83， Sec. 1， Jilong Rd. (West),10,1,2022-05-22 08:30:20,2022-05-22 08:30:51,2022-05-22 07:54:11,2022-05-22
500112048,YouBike2.0_雅祥公園(松信路50巷口),12,6,信義區,2022-05-22 08:15:39,25.04732,121.57211,松信路61號西側,Xinyi Dist,YouBike2.0_Yaxiang Park (Ln. 50， Songxin Rd.),No. 61， Songxin Rd. (West),6,1,2022-05-22 08:30:20,2022-05-22 08:30:51,2022-05-22 08:15:39,2022-05-22
500112049,YouBike2.0_松山車站,53,17,信義區,2022-05-22 08:29:11,25.0489,121.57841,松山路11號南側,Xinyi Dist,YouBike2.0_Songshan Sta.,No. 11， Songshan Rd. (South),36,1,2022-05-22 08:30:20,2022-05-22 08:30:51,2022-05-22 08:29:11,2022-05-22
500112050,YouBike2.0_五常公園,16,10,信義區,2022-05-22 08:25:38,25.04797,121.57432,松隆路161號對側,Xinyi Dist,YouBike2.0_Wuchang Park,No. 161， Songlong Rd.,3,1,2022-05-22 08:30:20,2022-05-22 08:30:51,2022-05-22 08:25:38,2022-05-22
500112051,YouBike2.0_永吉松信路口,23,13,信義區,2022-05-22 08:25:12,25.04548,121.57207,松信路/永吉路西南側人行道,Xinyi Dist,YouBike2.0_Yongji Rd. & Songxin Rd. Intersection,Songxin Rd./Yongji Rd. (Southwest),10,1,2022-05-22 08:30:20,2022-05-22 08:30:51,2022-05-22 08:25:12,2022-05-22
500112052,YouBike2.0_三興國小,22,15,信義區,2022-05-22 08:25:38,25.02969,121.55766,基隆路二段99-1號(前),Xinyi Dist,YouBike2.0_Sanxing Elementary School,No. 99-1， Sec. 2， Keelung Rd.,7,1,2022-05-22 08:30:20,2022-05-22 08:30:51,2022-05-22 08:25:38,2022-05-22
500112053,YouBike2.0_市民松信路口,20,4,信義區,2022-05-22 08:23:38,25.04927,121.57205,市民大道六段/松信路口(西側),Xinyi Dist,YouBike2.0_Civic Blvd. & Songxin Rd. Intersection,Sec. 6， Civic Blvd. & Songxin Rd. Intersection (West),15,1,2022-05-22 08:30:20,2022-05-22 08:30:51,2022-05-22 08:23:38,2022-05-22
500112054,YouBike2.0_松山高中,34,9,信義區,2022-05-22 08:28:38,25.0433,121.5638,忠孝東路四段599巷36號對側,Xinyi Dist,YouBike2.0_Songshan Senior High School,No. 36， Ln. 599， Sec. 4， Zhongxiao E. Rd. (Opposite),25,1,2022-05-22 08:30:20,2022-05-22 08:30:51,2022-05-22 08:28:38,2022-05-22
500112055,YouBike2.0_基隆光復路口,17,0,信義區,2022-05-22 08:29:04,25.03005,121.55764,基隆路二段/光復南路(東北側),Xinyi Dist,YouBike2.0_Keelung Rd. & Guangfu Rd. Intersection,Sec. 2， Keelung Rd. & Guangfu S. Rd. Intersection (Northeast),17,1,2022-05-22 08:30:20,2022-05-22 08:30:51,2022-05-22 08:29:04,2022-05-22
500112056,YouBike2.0_基隆忠孝路口西南側,14,3,信義區,2022-05-22 08:24:38,25.04108,121.5629,忠孝東路四段550號,Xinyi Dist,YouBike2.0_Keelung Rd. & Zhongxiao Rd. Intersection (Southwest),No. 550， Sec. 4， Zhongxiao E. Rd.,11,1,2022-05-22 08:30:20,2022-05-22 08:30:51,2022-05-22 08:24:38,2022-05-22
500112057,YouBike2.0_泰和里民活動中心,18,15,信義區,2022-05-22 08:26:04,25.0213,121.57027,松仁路308巷60號,Xinyi Dist,YouBike2.0_Taihe Activity Center,No. 60， Ln. 308， Songren Rd.,3,1,2022-05-22 08:30:20,2022-05-22 08:30:51,2022-05-22 08:26:04,2022-05-22
500112058,YouBike2.0_捷運後山埤站(2號出口),22,10,信義區,2022-05-22 08:28:38,25.04395,121.58184,忠孝東路五段800號,Xinyi Dist,YouBike2.0_MRT Houshanpi Sta. (Exit 2),No. 800， Sec. 5， Zhongxiao E. Rd.,11,1,2022-05-22 08:30:20,2022-05-22 08:30:51,2022-05-22 08:28:38,2022-05-22
500112059,YouBike2.0_虎林永吉路口,15,6,信義區,2022-05-22 08:28:12,25.04519,121.57712,永吉路356號東側,Xinyi Dist,YouBike2.0_Hulin St. & Yongji Rd. Intersection,No. 356， Yongji Rd. (East),8,1,2022-05-22 08:30:20,2022-05-22 08:30:51,2022-05-22 08:28:12,2022-05-22
500112060,YouBike2.0_永吉公園,18,5,信義區,2022-05-22 07:57:11,25.04345,121.57539,永吉路326巷66號西側,Xinyi Dist,YouBike2.0_Yongji Park,No. 66， Ln. 326， Yongji Rd. (West),11,1,2022-05-22 08:30:20,2022-05-22 08:30:51,2022-05-22 07:57:11,2022-05-22
500112061,YouBike2.0_永吉路321巷口,15,7,信義區,2022-05-22 08:28:12,25.04561,121.57549,永吉路323號西側,Xinyi Dist,YouBike2.0_Ln. 321， Yongji Rd. Intersection,No. 323， Yongji Rd. (West),7,1,2022-05-22 08:30:20,2022-05-22 08:30:51,2022-05-22 08:28:12,2022-05-22
500112062,YouBike2.0_松山永吉路口,20,11,信義區,2022-05-22 07:54:11,25.04623,121.57772,松山路166號,Xinyi Dist,YouBike2.0_Songshan Rd. & Yongji Rd. Intersection,No. 166， Songshan Rd,9,1,2022-05-22 08:30:20,2022-05-22 08:30:51,2022-05-22 07:54:11,2022-05-22
500112063,YouBike2.0_松山路292巷口,17,15,信義區,2022-05-22 08:28:38,25.0432,121.57789,松山路279號,Xinyi Dist,YouBike2.0_Ln. 292， Songshan Rd. Intersection,No. 279， Songshan Rd,2,1,2022-05-22 08:30:20,2022-05-22 08:30:51,2022-05-22 08:28:38,2022-05-22
500112064,YouBike2.0_捷運象山站(3號出口),47,32,信義區,2022-05-22 08:22:12,25.03295,121.5712,信義路五段/信義路五段91巷口(西北側),Xinyi Dist,YouBike2.0_MRT Xiangshan Sta.(Exit.3),Sec. 5， Sinyi Rd. & Ln. 91， Sec. 5， Sinyi Rd. Intersection (Northwest),15,1,2022-05-22 08:30:20,2022-05-22 08:30:51,2022-05-22 08:22:12,2022-05-22
500112065,YouBike2.0_松德公園,25,6,信義區,2022-05-22 08:26:38,25.03657,121.57349,松德路168巷20號前,Xinyi Dist,YouBike2.0_Songde Park,No. 20， Ln. 168， Songde Rd.,19,1,2022-05-22 08:30:20,2022-05-22 08:30:51,2022-05-22 08:26:38,2022-05-22
500112066,YouBike2.0_世貿三館,18,10,信義區,2022-05-22 08:19:38,25.03511,121.56369,市府路/松壽路口東南側,Xinyi Dist,YouBike2.0_TWTC Exhibition Hall 3,Shihfu Rd. & Songshou Rd. Intersection (Southeast),8,1,2022-05-22 08:30:20,2022-05-22 08:30:51,2022-05-22 08:19:38,2022-05-22
500112067,YouBike2.0_松德虎林街口,22,10,信義區,2022-05-22 08:24:12,25.0383,121.5762,松德路79號前,Xinyi Dist,YouBike2.0_Songde Rd. & Hulin St. Intersection,No. 79， Songde Rd.,12,1,2022-05-22 08:30:20,2022-05-22 08:30:51,2022-05-22 08:24:12,2022-05-22
500112068,YouBike2.0_富台公園,20,12,信義區,2022-05-22 08:27:37,25.04185,121.57204,松信路209號旁,Xinyi Dist,YouBike2.0_Futai Park,No. 209， Songsin Rd.,8,1,2022-05-22 08:30:20,2022-05-22 08:30:51,2022-05-22 08:27:37,2022-05-22
500112069,YouBike2.0_基隆路一段101巷口,20,3,信義區,2022-05-22 08:21:37,25.04516,121.56702,基隆路一段109-6號前,Xinyi Dist,YouBike2.0_Ln. 101， Sec. 1，Keelung Rd. Intersection,No. 109-6， Sec. 1， Keelung Rd.,17,1,2022-05-22 08:30:20,2022-05-22 08:30:51,2022-05-22 08:21:37,2022-05-22
500112070,YouBike2.0_捷運永春站(2號出口),18,8,信義區,2022-05-22 08:15:13,25.0405,121.57538,虎林街132巷44號西側,Xinyi Dist,YouBike2.0_MRT Yongchun Sta.(Exit.2),No. 44， Ln. 132， Hulin St. (West),8,1,2022-05-22 08:30:20,2022-05-22 08:30:51,2022-05-22 08:15:13,2022-05-22
500112071,YouBike2.0_吳興街260巷,22,13,信義區,2022-05-22 08:29:11,25.02606,121.5631,吳興街260巷/吳興街260巷21弄口(東南側),Xinyi Dist,YouBike2.0_Ln. 260， Wuxing St. Intersection,Ln. 260， Wuxing St. & Aly. 21， Ln. 260， Wuxing St. Intersection (Southeast),9,1,2022-05-22 08:30:20,2022-05-22 08:30:51,2022-05-22 08:29:11,2022-05-22
500112072,YouBike2.0_松山家商(林口街),16,7,信義區,2022-05-22 08:29:38,25.03593,121.57906,林口街/福德街口(東南側),Xinyi Dist,YouBike2.0_Songshan Vocational High School (Linkou St.),Linkou St.， Xinyi Dist. & Fude St. Intersection (Southeast),8,1,2022-05-22 08:30:20,2022-05-22 08:30:51,2022-05-22 08:29:38,2022-05-22
500112073,YouBike2.0_仁愛逸仙路口,28,11,信義區,2022-05-22 08:27:37,25.03771,121.56124,仁愛路四段/逸仙路口(西北側),Xinyi Dist,YouBike2.0_Ren'ai Rd. & Yisian Rd. Intersection,Sec. 4， Ren'ai Rd. & Yisian Rd. Intersection (Northwest),17,1,2022-05-22 08:30:20,2022-05-22 08:30:51,2022-05-22 08:27:37,2022-05-22
500112074,YouBike2.0_安強公園,18,15,信義區,2022-05-22 08:12:37,25.03693,121.57535,虎林街222巷55號,Xinyi Dist,YouBike2.0_Anciang Park,No. 55， Ln. 222， Hulin St.,3,1,2022-05-22 08:30:20,2022-05-22 08:30:51,2022-05-22 08:12:37,2022-05-22
500112075,YouBike2.0_信義基隆路口,12,3,信義區,2022-05-22 08:14:11,25.03321,121.55873,信義路四段393號前,Xinyi Dist,YouBike2.0_Xinyi & Keelung Intersection,No. 393， Sec. 4， Sinyi Rd.,9,1,2022-05-22 08:30:20,2022-05-22 08:30:51,2022-05-22 08:14:11,2022-05-22
500112076,YouBike2.0_捷運台北101/世貿站(2號出口),39,14,信義區,2022-05-22 08:28:12,25.0327,121.56157,捷運台北101/世貿站(2號出口)(西側),Xinyi Dist,YouBike2.0_MRT Taipei 101 / World Trade Center Sta.(Exit.2),MRT Taipei 101 & World Trade Center Sta. (Exit.2) (West),25,1,2022-05-22 08:30:20,2022-05-22 08:30:51,2022-05-22 08:28:12,2022-05-22
500112078,YouBike2.0_吳興街284巷36弄口,25,14,信義區,2022-05-22 08:07:38,25.02236,121.56268,吳興街284巷36弄24號西側,Xinyi Dist,YouBike2.0_Aly. 36， Ln. 284， Wuxing St.,No. 24， Aly. 36， Ln. 284， Wuxing St. (West),11,1,2022-05-22 08:30:20,2022-05-22 08:30:51,2022-05-22 08:07:38,2022-05-22
500112079,YouBike2.0_協和祐德高級中學,20,6,信義區,2022-05-22 08:29:11,25.0426,121.58381,中坡南路51號對側,Xinyi Dist,YouBike2.0_Xiehe Youde High School,No. 51， Zhongpo S. Rd. (Opposite),14,1,2022-05-22 08:30:20,2022-05-22 08:30:51,2022-05-22 08:29:11,2022-05-22
500112080,YouBike2.0_福德國小公車站,10,9,信義區,2022-05-22 07:40:17,25.03929,121.58755,福德街308號對側,Xinyi Dist,YouBike2.0_Fude Elementary School  Bus Station,No. 308， Fude St. (Opposite),1,1,2022-05-22 08:30:20,2022-05-22 08:30:51,2022-05-22 07:40:17,2022-05-22
500112081,YouBike2.0_松仁路95巷口,28,9,信義區,2022-05-22 08:26:12,25.03656,121.56866,松仁路/松仁路95巷(東南側),Xinyi Dist,YouBike2.0_Ln. 95， Songren Rd.,Songren Rd. & Ln. 95， Songren Rd. Intersection (Southeast),18,1,2022-05-22 08:30:20,2022-05-22 08:30:51,2022-05-22 08:26:12,2022-05-22
500112082,YouBike2.0_臺北南山廣場_1,25,6,信義區,2022-05-22 08:27:12,25.03404,121.56598,松智路/松廉路(東北側),Xinyi Dist,YouBike2.0_Nan Shan Plaza_1,Songzhi Rd. & Songlian Rd. Intersection (Northeast),19,1,2022-05-22 08:30:20,2022-05-22 08:30:51,2022-05-22 08:27:12,2022-05-22
500112083,YouBike2.0_景聯廣場,13,0,信義區,2022-05-22 07:34:04,25.03214,121.55974,松勤街8號對側,Xinyi Dist,YouBike2.0_Jinglian Plaza,No. 8， Songqin St. (Opposite),13,1,2022-05-22 08:30:20,2022-05-22 08:30:51,2022-05-22 07:34:04,2022-05-22
500112084,YouBike2.0_景平公園,13,5,信義區,2022-05-22 06:41:38,25.02976,121.5642,松平路50巷15號對側,Xinyi Dist,YouBike2.0_Jingping Park,No. 15， Ln. 50， Songping Rd. (Opposite),8,1,2022-05-22 08:30:20,2022-05-22 08:30:51,2022-05-22 06:41:38,2022-05-22
500112085,YouBike2.0_捷運市政府站(3號出口),92,14,信義區,2022-05-22 08:23:12,25.04084,121.56789,忠孝東路/松仁路(東南側),Xinyi Dist,YouBike2.0_MRT Taipei City Hall Sta. (Exit 3),Zhongxiao E. Rd. & Songren Rd. Intersection (Southeast),74,1,2022-05-22 08:30:20,2022-05-22 08:30:51,2022-05-22 08:23:12,2022-05-22
500113001,YouBike2.0_德昌寶興街口(西北角),15,9,萬華區,2022-05-22 08:22:38,25.02361,121.49529,寶興街186號(前),Wanhua Dist,YouBike2.0_Dechang St & Baoxing St Intersection (Northwest),No. 186， Baoxing St.,6,1,2022-05-22 08:30:20,2022-05-22 08:30:51,2022-05-22 08:22:38,2022-05-22
500113002,YouBike2.0_寶興長泰街口(西南角),17,9,萬華區,2022-05-22 07:31:11,25.0216,121.49597,寶興街/長泰街(西南側),Wanhua Dist,YouBike2.0_Baoxing St & Changtai St Intersection (Southwest),Baoxing St & Changtai St Intersection. (Southwest),7,1,2022-05-22 08:30:20,2022-05-22 08:30:51,2022-05-22 07:31:11,2022-05-22
500113003,YouBike2.0_萬大路486巷口,10,7,萬華區,2022-05-22 08:28:12,25.01975,121.4973,萬大路482號(旁),Wanhua Dist,YouBike2.0_Ln. 486， Wanda Rd,No. 482， Wanda Rd.,3,1,2022-05-22 08:30:20,2022-05-22 08:30:51,2022-05-22 08:28:12,2022-05-22
500113004,YouBike2.0_國興中華路口,14,7,萬華區,2022-05-22 07:22:11,25.02485,121.50898,國興路2號前,Wanhua Dist,YouBike2.0_Guoxing Rd & Sec. 2， Zhonghua Rd Intersection,No. 2， Guoxing Rd.,7,1,2022-05-22 08:30:20,2022-05-22 08:30:51,2022-05-22 07:22:11,2022-05-22
500113005,YouBike2.0_古亭國中,12,7,萬華區,2022-05-22 07:36:37,25.02442,121.5107,中華路二段465號對側,Wanhua Dist,YouBike2.0_Guting Junior High School,No. 465， Sec. 2， Zhonghua Rd. (Opposite),5,1,2022-05-22 08:30:20,2022-05-22 08:30:51,2022-05-22 07:36:37,2022-05-22
500113006,YouBike2.0_國興水源路口,14,7,萬華區,2022-05-22 08:25:12,25.02297,121.50845,國興路1巷15號對側,Wanhua Dist,YouBike2.0_Guoxing Rd & Shuiyuan Rd Intersection,No. 15， Ln 1， Guoxing Rd. (Opposite),7,1,2022-05-22 08:30:20,2022-05-22 08:30:51,2022-05-22 08:25:12,2022-05-22
500113007,YouBike2.0_青年公園高爾夫球場,16,7,萬華區,2022-05-22 08:09:38,25.02481,121.50755,國興路42號對側,Wanhua Dist,YouBike2.0_Youth Park Golf Driving Range,No. 42， Guoxing Rd. (Opposite),9,1,2022-05-22 08:30:20,2022-05-22 08:30:51,2022-05-22 08:09:38,2022-05-22
500113008,YouBike2.0_國興青年路口,12,7,萬華區,2022-05-22 08:28:12,25.02594,121.50651,國興路與青年路口西南側,Wanhua Dist,YouBike2.0_Guoxing Rd & Qingnian Rd Intersection,Guoxing Rd & Qingnian Rd Intersection. (Southwest),5,1,2022-05-22 08:30:20,2022-05-22 08:30:51,2022-05-22 08:28:12,2022-05-22
500113009,YouBike2.0_青年公園棒球場,28,14,萬華區,2022-05-22 07:23:11,25.0241,121.50289,青年路66號對側,Wanhua Dist,YouBike2.0_Youth Park Baseball Field,No. 66， Qingnian Rd (Opposite),14,1,2022-05-22 08:30:20,2022-05-22 08:30:51,2022-05-22 07:23:11,2022-05-22
500113010,YouBike2.0_青年公園籃球場,16,5,萬華區,2022-05-22 08:15:39,25.02085,121.50539,青年公園籃球場南側,Wanhua Dist,YouBike2.0_Youth Park Basketball Courts,Youth Park Basketball Courts. (South),11,1,2022-05-22 08:30:20,2022-05-22 08:30:51,2022-05-22 08:15:39,2022-05-22
500113012,YouBike2.0_復華花園新城,14,5,萬華區,2022-05-22 08:23:12,25.02964,121.50258,西藏路123號前,Wanhua Dist,YouBike2.0_Fuhua Garden Metro,No. 123， Xizang Rd.,9,1,2022-05-22 08:30:20,2022-05-22 08:30:51,2022-05-22 08:23:12,2022-05-22
500113013,YouBike2.0_新和國小,20,16,萬華區,2022-05-22 07:40:17,25.026825238862,121.502968463788,萬大路277巷37弄1號東側,Wanhua Dist,YouBike2.0_Xinhe Elementary School,No. 1， Aly. 37， Ln. 277， Wanda Rd. (East),3,1,2022-05-22 08:30:20,2022-05-22 08:30:51,2022-05-22 07:40:17,2022-05-22
500113014,YouBike2.0_莒光郵局,16,12,萬華區,2022-05-22 07:54:37,25.03124,121.50122,莒光路210號前,Wanhua Dist,YouBike2.0_Taipei Juguang Post Office,No. 210， Juguang Rd.,4,1,2022-05-22 08:30:20,2022-05-22 08:30:51,2022-05-22 07:54:37,2022-05-22
500113015,YouBike2.0_莒光立體停車場,10,6,萬華區,2022-05-22 08:19:12,25.03116,121.50336,莒光路137號前,Wanhua Dist,YouBike2.0_Juguang Car Park,No. 137， Juguang Rd.,4,1,2022-05-22 08:30:20,2022-05-22 08:30:51,2022-05-22 08:19:12,2022-05-22
500113016,YouBike2.0_艋舺大道146巷口,14,9,萬華區,2022-05-22 08:29:11,25.03301,121.5016,艋舺大道142號前,Wanhua Dist,YouBike2.0_Ln. 146， Bangka Blvd Intersection,No. 142， Bangka Blvd.,5,1,2022-05-22 08:30:20,2022-05-22 08:30:51,2022-05-22 08:29:11,2022-05-22
500113017,YouBike2.0_東園國小,28,6,萬華區,2022-05-22 07:19:37,25.02257,121.49807,東園街199號前方,Wanhua Dist,YouBike2.0_Dongyuan Elementary School,No. 199， Dongyuan St.,22,1,2022-05-22 08:30:20,2022-05-22 08:30:51,2022-05-22 07:19:37,2022-05-22
500113018,YouBike2.0_華中疏散門,12,9,萬華區,2022-05-22 08:20:39,25.01688,121.49534,環河南路三段371號前,Wanhua Dist,YouBike2.0_Huazhong Evacuation Gate,No. 371， Sec. 3， Huanhe S. Rd.,3,1,2022-05-22 08:30:20,2022-05-22 08:30:51,2022-05-22 08:20:39,2022-05-22
500113019,YouBike2.0_錦德公園,16,6,萬華區,2022-05-22 08:29:38,25.02332,121.49264,德昌街243號前,Wanhua Dist,YouBike2.0_Jinde Park,No. 243， Dechang St.,10,1,2022-05-22 08:30:20,2022-05-22 08:30:51,2022-05-22 08:29:38,2022-05-22
500113020,YouBike2.0_忠德公園,12,2,萬華區,2022-05-22 08:26:12,25.02516,121.49604,東園街66巷20弄27號前,Wanhua Dist,YouBike2.0_Zhongde Park,No. 27， Aly 20， Ln 66， Dongyuan St.,10,1,2022-05-22 08:30:20,2022-05-22 08:30:51,2022-05-22 08:26:12,2022-05-22
500113021,YouBike2.0_萬華國中,21,12,萬華區,2022-05-22 07:17:37,25.02922,121.4985,西藏路201號前方,Wanhua Dist,YouBike2.0_Wanhuaguomin Junior High School,No. 201， Xizang Rd.,9,1,2022-05-22 08:30:20,2022-05-22 08:30:51,2022-05-22 07:17:37,2022-05-22
500113022,YouBike2.0_華江高中,22,13,萬華區,2022-05-22 08:15:13,25.02744,121.49619,東園街35巷14號對側,Wanhua Dist,YouBike2.0_Hua Jiang Senior High School,No. 14， Ln 35， Dongyuan St. (Opposite),9,1,2022-05-22 08:30:20,2022-05-22 08:30:51,2022-05-22 08:15:13,2022-05-22
500113023,YouBike2.0_西園艋舺路口,24,16,萬華區,2022-05-22 07:11:37,25.03267,121.49757,西園路二段與艋舺大道口西南側,Wanhua Dist,YouBike2.0_Sec. 2， Xiyuan Rd & Bangka Blvd Intersection,Sec. 2， Xiyuan Rd & Bangka Blvd Intersection. (Southwest),8,1,2022-05-22 08:30:20,2022-05-22 08:30:51,2022-05-22 07:11:37,2022-05-22
500113025,YouBike2.0_雙園國中,18,4,萬華區,2022-05-22 08:28:38,25.02673,121.49176,西園路二段320巷與興義街口,Wanhua Dist,YouBike2.0_Shuang Yuan Junior High School,Sec. 2， Xiyuan Rd & Xingyi St Intersection,14,1,2022-05-22 08:30:20,2022-05-22 08:30:51,2022-05-22 08:28:38,2022-05-22
500113026,YouBike2.0_長順區民活動中心,26,8,萬華區,2022-05-22 07:12:10,25.03284,121.48908,長順街127號前,Wanhua Dist,YouBike2.0_Changshun Community Center,No. 127， Changshun St.,18,1,2022-05-22 08:30:20,2022-05-22 08:30:51,2022-05-22 07:12:10,2022-05-22
500113027,YouBike2.0_華江國小,23,14,萬華區,2022-05-22 08:23:38,25.03397,121.49029,環河南路二段250巷25弄2號對側,Wanhua Dist,YouBike2.0_Hwa Chiang Elementary School,No. 2， Aly. 25， Ln. 250， Sec. 2， Huanhe S. R. (Opposite),9,1,2022-05-22 08:30:20,2022-05-22 08:30:51,2022-05-22 08:23:38,2022-05-22
500113028,YouBike2.0_華江八號公園,20,9,萬華區,2022-05-22 08:28:38,25.03388,121.49293,環河南路二段216號旁,Wanhua Dist,YouBike2.0_Huajiang No.8 Park,No. 2， Aly. 25， Ln. 250， Sec. 2， Huanhe S. R,11,1,2022-05-22 08:30:20,2022-05-22 08:30:51,2022-05-22 08:28:38,2022-05-22
500113029,YouBike2.0_環河南雙園街口,15,6,萬華區,2022-05-22 08:23:38,25.03203,121.49127,環河南路二段282號前,Wanhua Dist,YouBike2.0_Sec. 2， Huanhe S. R & Shuangyuan St Intersection,No. 282， Sec. 2， Huanhe S. Rd.,9,1,2022-05-22 08:30:20,2022-05-22 08:30:51,2022-05-22 08:23:38,2022-05-22
500113030,YouBike2.0_大理高中,37,6,萬華區,2022-05-22 07:15:38,25.03062,121.49021,環河南路二段與西藏路口東側,Wanhua Dist,YouBike2.0_Dali Senior High School,Sec. 2， Huanhe S. Rd & Xizang Rd (East),31,1,2022-05-22 08:30:20,2022-05-22 08:30:51,2022-05-22 07:15:38,2022-05-22
500113031,YouBike2.0_糖廍文化園區,14,2,萬華區,2022-05-22 08:18:38,25.03383,121.4946,大理街177號對側,Wanhua Dist,YouBike2.0_Tang bu Cultural Park,No. 177， Dali St. (Opposite),12,1,2022-05-22 08:30:20,2022-05-22 08:30:51,2022-05-22 08:18:38,2022-05-22
500113032,YouBike2.0_兩棵樹公園,17,9,萬華區,2022-05-22 08:23:38,25.03211,121.49502,艋舺大道與大理街160巷20弄口東側,Wanhua Dist,YouBike2.0_Liangkeshu Park,Bangka Blvd & Aly. 20， Ln. 160， Dali St Intersection. (East),8,1,2022-05-22 08:30:20,2022-05-22 08:30:51,2022-05-22 08:23:38,2022-05-22
500113033,YouBike2.0_萬華青年公宅,23,9,萬華區,2022-05-22 08:20:39,25.02021,121.50376,青年路188號前,Wanhua Dist,YouBike2.0_Wanhua Qingnian Public Housing,No. 188， Qingnian Rd.,14,1,2022-05-22 08:30:20,2022-05-22 08:30:51,2022-05-22 08:20:39,2022-05-22
500113034,YouBike2.0_開封西寧路口,21,1,萬華區,2022-05-22 08:08:11,25.04662,121.50717,西寧南路12號(對面),Wanhua Dist,YouBike2.0_Kaifeng St. & Xining Rd. Intersection,No. 12， Xining Rd. (Opposite),20,1,2022-05-22 08:30:20,2022-05-22 08:30:51,2022-05-22 08:08:11,2022-05-22
500113035,YouBike2.0_峨嵋停車場,29,14,萬華區,2022-05-22 08:17:37,25.04441,121.50541,峨嵋街83號(旁),Wanhua Dist,YouBike2.0_Emei Parking Lots,No. 83， Emei St. (Side),13,1,2022-05-22 08:30:20,2022-05-22 08:30:51,2022-05-22 08:17:37,2022-05-22
500113036,YouBike2.0_長沙公園,17,15,萬華區,2022-05-22 08:05:11,25.0417,121.49992,環河南路一段280-1號(對面),Wanhua Dist,YouBike2.0_Changsha Park,No. 280-1， Sec. 1， Huanhe S Rd. (Opposite),2,1,2022-05-22 08:30:20,2022-05-22 08:30:51,2022-05-22 08:05:11,2022-05-22
500113037,YouBike2.0_貓公園(中興橋頭),15,12,萬華區,2022-05-22 08:16:12,25.04367,121.50218,成都路108號(對面),Wanhua Dist,YouBike2.0_Cat Park (Zhongxing Bridgehead),No. 108， Chengdu Rd. (Opposite),3,1,2022-05-22 08:30:20,2022-05-22 08:30:51,2022-05-22 08:16:12,2022-05-22
500113038,YouBike2.0_西本願寺廣場,30,12,萬華區,2022-05-22 08:25:12,25.04099,121.50769,中華路一段164號(前),Wanhua Dist,YouBike2.0_Nishi Honganji Relics Plaza,No. 164-1， Sec. 1， Zhonghua Rd.,18,1,2022-05-22 08:30:20,2022-05-22 08:30:51,2022-05-22 08:25:12,2022-05-22
500113039,YouBike2.0_中華桂林路口,22,11,萬華區,2022-05-22 08:27:37,25.03771,121.50662,中華路一段與桂林路口西北側,Wanhua Dist,YouBike2.0_Zhonghua Rd. & Guilin Rd. Intersection,Sec. 1， Zhonghua Rd. & Guilin Rd. (Northwest),11,1,2022-05-22 08:30:20,2022-05-22 08:30:51,2022-05-22 08:27:37,2022-05-22
500113040,YouBike2.0_捷運龍山寺站(1號出口),30,18,萬華區,2022-05-22 08:28:38,25.03535,121.49938,和平西路三段/西園路一段(東北側),Wanhua Dist,YouBike2.0_MRT Longshan Temple Sta. (Exit 1),Sec. 3， Heping W Rd. & Sec. 1， Xiyuan Rd. (Northeast),12,1,2022-05-22 08:30:20,2022-05-22 08:30:51,2022-05-22 08:28:38,2022-05-22
500113041,YouBike2.0_龍山國小,24,0,萬華區,2022-05-22 08:28:12,25.0355,121.49541,和平西路三段235號(旁),Wanhua Dist,YouBike2.0_Longshan Elementary School,No. 235， Sec. 3， Heping W Rd. (Side),24,1,2022-05-22 08:30:20,2022-05-22 08:30:51,2022-05-22 08:28:12,2022-05-22
500113042,YouBike2.0_華西公園,23,8,萬華區,2022-05-22 08:23:12,25.03852,121.49881,桂林路134號(對面),Wanhua Dist,YouBike2.0_Huaxi Park,No. 134， Guilin Rd. (Opposite),15,1,2022-05-22 08:30:20,2022-05-22 08:30:51,2022-05-22 08:23:12,2022-05-22
500113043,YouBike2.0_老松國小,28,22,萬華區,2022-05-22 08:21:12,25.03792,121.50177,康定路238號(對面),Wanhua Dist,YouBike2.0_laosong Elementary School,No. 238， Kangding Rd. (Opposite),6,1,2022-05-22 08:30:20,2022-05-22 08:30:51,2022-05-22 08:21:12,2022-05-22
500113044,YouBike2.0_萬華火車站,19,8,萬華區,2022-05-22 08:23:38,25.03364,121.50322,艋舺大道83號(前),Wanhua Dist,YouBike2.0_Wanhua Train Sta.,No. 83， Bangka Blvd.,11,1,2022-05-22 08:30:20,2022-05-22 08:30:51,2022-05-22 08:23:38,2022-05-22
500113045,YouBike2.0_萬華火車站(D2廣場),17,10,萬華區,2022-05-22 07:57:37,25.03394,121.50117,康定路/康定路287巷(東南側),Wanhua Dist,YouBike2.0_Wanhua Train Sta. (D2 Plaza),Kangding Rd. & Ln. 287， Kangding Rd. Intersection,7,1,2022-05-22 08:30:20,2022-05-22 08:30:51,2022-05-22 07:57:37,2022-05-22
500113046,YouBike2.0_捷運龍山寺站(3號出口),23,7,萬華區,2022-05-22 08:06:11,25.03509,121.50199,和平西路三段/和平西路三段88巷(西南側),Wanhua Dist,YouBike2.0_MRT Longshan Temple Sta. (Exit 3),Sec. 3， Heping W Rd. & Ln. 88， Sec. 3， Heping W Rd. Intersection (Southwest),16,1,2022-05-22 08:30:20,2022-05-22 08:30:51,2022-05-22 08:06:11,2022-05-22
500113047,YouBike2.0_臺北市電影主題公園(峨嵋街),15,3,萬華區,2022-05-22 07:45:11,25.04445,121.50306,峨嵋街100號(對面),Wanhua Dist,YouBike2.0_Taipei Cinema Park (Emei St.),No. 100， Emei St. (Opposite),12,1,2022-05-22 08:30:20,2022-05-22 08:30:51,2022-05-22 07:45:11,2022-05-22
500113048,YouBike2.0_臺北市電影主題公園(康定路),15,9,萬華區,2022-05-22 08:24:12,25.04551,121.50318,康定路18-2號(對面),Wanhua Dist,YouBike2.0_Taipei Cinema Park (Kangding Rd.),No. 18-2， Kangding Rd.,6,1,2022-05-22 08:30:20,2022-05-22 08:30:51,2022-05-22 08:24:12,2022-05-22
500113049,YouBike2.0_中華峨嵋街口,24,10,萬華區,2022-05-22 08:04:12,25.04345,121.50841,中華路一段130號(前),Wanhua Dist,YouBike2.0_Zhonghua Rd. & Emei St. Intersection,No. 130， Sec. 1， Zhonghua Rd.,14,1,2022-05-22 08:30:20,2022-05-22 08:30:51,2022-05-22 08:04:12,2022-05-22
500113050,YouBike2.0_萬華266號綠地,15,0,萬華區,2022-05-22 08:15:05,25.0403,121.50197,康定路81號(對面),Wanhua Dist,YouBike2.0_wanhua greehs NO.266,No. 81， Kangding Rd. (Opposite),15,1,2022-05-22 08:30:20,2022-05-22 08:30:51,2022-05-22 08:15:05,2022-05-22
500113051,YouBike2.0_萬大國小(萬大路344巷口),18,8,萬華區,2022-05-22 07:54:37,25.02376,121.49986,萬大路346號(旁),Wanhua Dist,YouBike2.0_Wanda Elementary School (Ln. 344， Wanda Rd.),No. 346， Wanda Rd.,10,1,2022-05-22 08:30:20,2022-05-22 08:30:51,2022-05-22 07:54:37,2022-05-22
500113052,YouBike2.0_德昌街10巷口,10,6,萬華區,2022-05-22 07:45:38,25.02533,121.4996,德昌街15號(對面),Wanhua Dist,YouBike2.0_Ln. 10， Dechang St.,No. 15， Dechang St. (Opposite),4,1,2022-05-22 08:30:20,2022-05-22 08:30:51,2022-05-22 07:45:38,2022-05-22
500113053,YouBike2.0_環河南和平西路口,20,6,萬華區,2022-05-21 22:00:25,25.03517,121.49048,環河南路一段/和平西路三段口(西南側),Wanhua Dist,YouBike2.0_Huanhe S. Rd. & Heping W. Rd. Intersection,Sec. 1， Huanhe S. Rd. & Sec. 3， Heping W. Rd. Intersection (Southwest),14,1,2022-05-22 08:30:20,2022-05-22 08:30:51,2022-05-21 22:00:25,2022-05-21
500113054,YouBike2.0_長順街60巷口,15,4,萬華區,2022-05-22 06:57:37,25.03119,121.48858,長順街60巷38號對側,Wanhua Dist,YouBike2.0_Ln. 60， Changshun St.,No. 38， Ln. 60， Changshun St. (Opposite),11,1,2022-05-22 08:30:20,2022-05-22 08:30:51,2022-05-22 06:57:37,2022-05-22
500113055,YouBike2.0_西園公園,14,1,萬華區,2022-05-22 08:29:38,25.0271,121.49775,東園街35巷/東園街67巷交叉口,Wanhua Dist,YouBike2.0_Xiyuan Park,Ln. 35， Dongyuan St. & Ln. 67， Dongyuan St. Intersection,13,1,2022-05-22 08:30:20,2022-05-22 08:30:51,2022-05-22 08:29:38,2022-05-22
500113056,YouBike2.0_華江污水廠,20,7,萬華區,2022-05-22 06:24:10,25.03606,121.49163,桂林路246巷66號南側,Wanhua Dist,YouBike2.0_Huajiang Sewage Treatment Plant,No. 66， Ln. 246， Guilin Rd. (South),13,1,2022-05-22 08:30:20,2022-05-22 08:30:51,2022-05-22 06:24:10,2022-05-22
500113057,YouBike2.0_柳鄉公園,21,8,萬華區,2022-05-22 08:01:38,25.03718,121.49524,環河南路二段102號西北側,Wanhua Dist,YouBike2.0_Liuxiang Park,No. 102， Sec. 2， Huanhe S. Rd. (Northwest),13,1,2022-05-22 08:30:20,2022-05-22 08:30:51,2022-05-22 08:01:38,2022-05-22
500113058,YouBike2.0_綠堤社區公園,22,13,萬華區,2022-05-22 07:47:11,25.03286,121.49301,大理街170巷與環河南路二段159巷口,Wanhua Dist,YouBike2.0_Luti Community Park,Ln. 170， Dali St. & Ln.159， Sec. 2， Huanhe S. Rd. Intersection,9,1,2022-05-22 08:30:20,2022-05-22 08:30:51,2022-05-22 07:47:11,2022-05-22
500113059,YouBike2.0_長順艋舺大道口,26,2,萬華區,2022-05-22 07:19:37,25.03035,121.49228,長順街與雙園街106巷口,Wanhua Dist,YouBike2.0_Changshun St. & Bangka Blvd. Intersection,Changshun St. & Ln. 106， Shuangyuan St. Intersection,24,1,2022-05-22 08:30:20,2022-05-22 08:30:51,2022-05-22 07:19:37,2022-05-22
500113060,YouBike2.0_臺北魚市,20,7,萬華區,2022-05-22 07:01:11,25.01796,121.49988,富民路151號對側,Wanhua Dist,YouBike2.0_Taipei Fish Market,No. 151， Fumin Rd. (Opposite),13,1,2022-05-22 08:30:20,2022-05-22 08:30:51,2022-05-22 07:01:11,2022-05-22
500113061,YouBike2.0_環南市場,14,7,萬華區,2022-05-22 08:09:12,25.0286,121.48908,環河南路二段245號旁,Wanhua Dist,YouBike2.0_Huanhe Market,No. 245， Sec. 2， Huanhe S. Rd.,6,1,2022-05-22 08:30:20,2022-05-22 08:30:51,2022-05-22 08:09:12,2022-05-22
500113062,YouBike2.0_龍山國中,16,10,萬華區,2022-05-22 08:10:19,25.03646,121.50492,南寧路與廣州街口南側,Wanhua Dist,YouBike2.0_LongShan Junior High School,Nanning Rd. & Guangzhou St. Intersection (South),6,1,2022-05-22 08:30:20,2022-05-22 08:30:51,2022-05-22 08:10:19,2022-05-22
500113063,YouBike2.0_洛陽停車場,22,17,萬華區,2022-05-22 05:57:37,25.04776,121.50612,昆明街與洛陽街口西側,Wanhua Dist,YouBike2.0_Luoyang Parking,Kunming St. & Luoyang St. Intersection (West),5,1,2022-05-22 08:30:20,2022-05-22 08:30:51,2022-05-22 05:57:37,2022-05-22
500113064,YouBike2.0_桂林昆明街口,20,14,萬華區,2022-05-22 08:29:11,25.03811,121.50362,桂林路與昆明街口西北側,Wanhua Dist,YouBike2.0_Guilin Rd. & Kunming St. Intersection,Guilin Rd. & Kunming St. Intersection (Northwest),6,1,2022-05-22 08:30:20,2022-05-22 08:30:51,2022-05-22 08:29:11,2022-05-22
500113065,YouBike2.0_萬華國中_1,19,12,萬華區,2022-05-22 07:59:10,25.02926,121.49936,西藏路 / 莒光路299巷口(東南側),Wanhua Dist,YouBike2.0_Wanhuaguomin Junior High School,Xizang Rd. & Ln. 299， Juguang Rd. Intersection (Southeast),7,1,2022-05-22 08:30:20,2022-05-22 08:30:51,2022-05-22 07:59:10,2022-05-22
500113066,YouBike2.0_青年公園3號出口,20,10,萬華區,2022-05-22 08:26:12,25.02273,121.50271,青年路/青年路106巷(東側),Wanhua Dist,YouBike2.0_Youth Park (Exit 3),Qingnian Rd. & Ln. 106， Qingnian Rd. Intersection (East),10,1,2022-05-22 08:30:20,2022-05-22 08:30:51,2022-05-22 08:26:12,2022-05-22
500113068,YouBike2.0_捷運龍山寺站(1號出口)_1,32,8,萬華區,2022-05-22 07:42:11,25.03548,121.50026,和平西路三段/和平西路三段109巷(西北側),Wanhua Dist,YouBike2.0_MRT Longshan Temple Sta. (Exit 1)_1,Sec. 3， Heping W. Rd. & Ln. 109， Sec. 3， Heping W. Rd. Intersection (Northwest),24,1,2022-05-22 08:30:20,2022-05-22 08:30:51,2022-05-22 07:42:11,2022-05-22
500119005,YouBike2.0_臺大水源舍區A棟,37,19,臺大專區,2022-05-22 08:27:12,25.01493,121.53044,汀洲路三段60巷2弄路側(A舍北側),NTU Dist,YouBike2.0_NTU ShuiYuan Dorms(A),Aly. 2， Ln. 60， Sec. 3， Tingzhou Rd. Dorms A(North),17,1,2022-05-22 08:30:20,2022-05-22 08:30:51,2022-05-22 08:27:12,2022-05-22
500119006,YouBike2.0_臺大卓越研究大樓,32,13,臺大專區,2022-05-22 08:19:12,25.01466,121.52917,臺大水源舍區C南側,NTU Dist,YouBike2.0_NTU Complex for Research Excellence,NTU Prince House Chang Hsing Dorms C(South),19,1,2022-05-22 08:30:20,2022-05-22 08:30:51,2022-05-22 08:19:12,2022-05-22
500119007,YouBike2.0_臺大水源修齊會館,18,8,臺大專區,2022-05-22 08:26:12,25.01411,121.52997,思源街16號之1旁,NTU Dist,YouBike2.0_NTU ShuiYuan HsiuChi House,No.16-1， Siyuan St.,10,1,2022-05-22 08:30:20,2022-05-22 08:30:51,2022-05-22 08:26:12,2022-05-22
500119008,YouBike2.0_臺大檔案展示館,10,7,臺大專區,2022-05-22 06:39:38,25.01391,121.52895,臺大檔案展示館東北側,NTU Dist,YouBike2.0_NTU Archives,NTU Archives(Northeast),3,1,2022-05-22 08:30:20,2022-05-22 08:30:51,2022-05-22 06:39:38,2022-05-22
500119009,YouBike2.0_臺大水源舍區B棟,30,18,臺大專區,2022-05-22 08:27:38,25.01525,121.53009,汀洲路三段60巷2弄路側(B舍北側),NTU Dist,YouBike2.0_NTU ShuiYuan Dorms(B),Aly. 2， Ln. 60， Sec. 3， Tingzhou Rd. Dorms B(North),12,1,2022-05-22 08:30:20,2022-05-22 08:30:51,2022-05-22 08:27:38,2022-05-22
500119043,YouBike2.0_臺大男八舍東側,42,10,臺大專區,2022-05-22 08:27:12,25.01729,121.54531,臺大男八舍東側,NTU Dist,YouBike2.0_NTU 8th Men's Dorm(East),NTU 8th Men's Dorm(East),32,1,2022-05-22 08:30:20,2022-05-22 08:30:51,2022-05-22 08:27:12,2022-05-22
500119044,YouBike2.0_臺大禮賢樓東南側,23,17,臺大專區,2022-05-22 08:08:38,25.01408,121.53759,臺大仰萃樓東南側,NTU Dist,YouBike2.0_NTU Courtesy House(Southeast),NTU The Apex Building(Southeast),6,1,2022-05-22 08:30:20,2022-05-22 08:30:51,2022-05-22 08:08:38,2022-05-22
500119045,YouBike2.0_臺大農業陳列館北側,45,27,臺大專區,2022-05-22 08:13:11,25.01839,121.53404,農業陳列館北側,NTU Dist,YouBike2.0_NTU Agricultural Exhibition Hall(North),NTU Agricultural Exhibition Hall(North),18,1,2022-05-22 08:30:20,2022-05-22 08:30:51,2022-05-22 08:13:11,2022-05-22
500119046,YouBike2.0_臺大管理學院二館北側,11,8,臺大專區,2022-05-21 22:20:04,25.01355,121.53673,管理學院二號館北側,NTU Dist,YouBike2.0_NTU Building 2， College of Management(North),NTU Building 2， College of Management(North),3,1,2022-05-22 08:30:20,2022-05-22 08:30:51,2022-05-21 22:20:04,2022-05-21
500119047,YouBike2.0_臺大土木系館,10,7,臺大專區,2022-05-22 04:33:10,25.01761,121.53844,臺大土木工程學系所南側,NTU Dist,YouBike2.0_NTU Dept. of Civil Engineering,NTU Dept. of Civil Engineering(South),3,1,2022-05-22 08:30:20,2022-05-22 08:30:51,2022-05-22 04:33:10,2022-05-22
500119048,YouBike2.0_臺大大一女舍北側,53,23,臺大專區,2022-05-22 08:17:37,25.01547,121.53436,臺大女一舍北側,NTU Dist,YouBike2.0_NTU Freshman Women's Dorm(North),NTU Freshman Women's Dorm(North),30,1,2022-05-22 08:30:20,2022-05-22 08:30:51,2022-05-22 08:17:37,2022-05-22
500119049,YouBike2.0_臺大女九舍西南側,30,1,臺大專區,2022-05-22 07:04:03,25.01937,121.53902,臺大女九舍西南側,NTU Dist,YouBike2.0_NTU 9th Women's Dorm(Southwest),NTU 9th Women's Dorm(Southwest),29,1,2022-05-22 08:30:20,2022-05-22 08:30:51,2022-05-22 07:04:03,2022-05-22
500119050,YouBike2.0_臺大小福樓東側,20,6,臺大專區,2022-05-22 08:26:12,25.01846,121.5376,臺大小福樓東側,NTU Dist,YouBike2.0_NTU Xiao Fu Commissary(East),NTU Xiao Fu Commissary(East),14,1,2022-05-22 08:30:20,2022-05-22 08:30:51,2022-05-22 08:26:12,2022-05-22
500119051,YouBike2.0_臺大立體機車停車場,27,11,臺大專區,2022-05-22 07:42:28,25.01616,121.54251,基隆路三段/基隆路三段156巷口北側,NTU Dist,YouBike2.0_NTU Parking lot(Motorcycle),Ln. 156， Sec. 3， Keelung Rd. Intersection(North),16,1,2022-05-22 08:30:20,2022-05-22 08:30:51,2022-05-22 07:42:28,2022-05-22
500119052,YouBike2.0_臺大工綜館南側,26,6,臺大專區,2022-05-22 08:08:11,25.01857,121.54059,臺大工學院東南側,NTU Dist,YouBike2.0_NTU College of Engineering Building(South),NTU College of Engineering Building(Southeast),20,1,2022-05-22 08:30:20,2022-05-22 08:30:51,2022-05-22 08:08:11,2022-05-22
500119053,YouBike2.0_臺大天文數學館南側,19,5,臺大專區,2022-05-22 08:12:11,25.02108,121.53783,臺大天文數學館西南側,NTU Dist,YouBike2.0_NTU Astronomy - Mathematics Building(South),NTU Astronomy - Mathematics Building(Southwest),14,1,2022-05-22 08:30:20,2022-05-22 08:30:51,2022-05-22 08:12:11,2022-05-22
500119054,YouBike2.0_臺大心理系館南側,16,4,臺大專區,2022-05-22 07:42:37,25.01941,121.5404,臺大心理學系南側,NTU Dist,YouBike2.0_NTU Dept. of Psychology (South Hall),NTU Dept. of Psychology (South Hall),12,1,2022-05-22 08:30:20,2022-05-22 08:30:51,2022-05-22 07:42:37,2022-05-22
500119055,YouBike2.0_臺大樂學館東側,10,6,臺大專區,2022-05-22 08:09:38,25.01793,121.53585,臺大文學院西側,NTU Dist,YouBike2.0_NTU Lesyue Building(East),Liberal Arts Research Building(West),4,1,2022-05-22 08:30:20,2022-05-22 08:30:51,2022-05-22 08:09:38,2022-05-22
500119056,YouBike2.0_臺大農化新館西側,10,3,臺大專區,2022-05-22 07:56:28,25.01627,121.53535,臺大生化科技學系西側,NTU Dist,YouBike2.0_NTU New Agricultural Chemistry Building(West),NTU Department of Biochemical Science and Technology(West),7,1,2022-05-22 08:30:20,2022-05-22 08:30:51,2022-05-22 07:56:28,2022-05-22
500119057,YouBike2.0_臺大五號館西側,10,3,臺大專區,2022-05-22 08:02:37,25.01666,121.53718,臺大生物系館西側,NTU Dist,YouBike2.0_NTU Building No.5(West),NTU Department of Bioenvironmental Systems Engineering(West),7,1,2022-05-22 08:30:20,2022-05-22 08:30:51,2022-05-22 08:02:37,2022-05-22
500119058,YouBike2.0_臺大舊體育館西側,33,7,臺大專區,2022-05-22 08:28:38,25.0198,121.53583,臺大田徑場東側,NTU Dist,YouBike2.0_NTU Gymnasium(West),NTU Sports Field(East),26,1,2022-05-22 08:30:20,2022-05-22 08:30:51,2022-05-22 08:28:38,2022-05-22
500119059,YouBike2.0_臺大共同教室北側,20,0,臺大專區,2022-05-22 02:55:09,25.01595,121.53791,臺大共同教學館東北側,NTU Dist,YouBike2.0_NTU Common Subjects Classroom Building(North),NTU Common Subjects Classroom Building(Northeast),20,1,2022-05-22 08:30:20,2022-05-22 08:30:51,2022-05-22 02:55:09,2022-05-22
500119060,YouBike2.0_臺大共同教室東南側,12,6,臺大專區,2022-05-22 07:43:11,25.01566,121.53786,臺大共同教學館東南側,NTU Dist,YouBike2.0_NTU Common Subjects Classroom Building(Southeast),NTU Common Subjects Classroom Building(Southeast),6,1,2022-05-22 08:30:20,2022-05-22 08:30:51,2022-05-22 07:43:11,2022-05-22
500119061,YouBike2.0_臺大鹿鳴堂東側,27,4,臺大專區,2022-05-22 08:16:12,25.01511,121.53786,臺大鹿鳴廣場人行道側,NTU Dist,YouBike2.0_NTU LuMing Hall(East),NTU Lu Ming Square(Sidewalk),23,1,2022-05-22 08:30:20,2022-05-22 08:30:51,2022-05-22 08:16:12,2022-05-22
500119062,YouBike2.0_臺大公館停車場西北側,12,5,臺大專區,2022-05-22 07:49:37,25.01345,121.53798,臺大公館停車場西北側,NTU Dist,YouBike2.0_NTU Gongguan Car Park (Northwest),NTU Gongguan Car Park (Northwest),7,1,2022-05-22 08:30:20,2022-05-22 08:30:51,2022-05-22 07:49:37,2022-05-22
500119063,YouBike2.0_臺大第二行政大樓南側,10,4,臺大專區,2022-05-21 22:01:37,25.01603,121.53635,臺大行政大樓西側,NTU Dist,YouBike2.0_NTU 2nd Administration Building(South),NTU Administration Building(West),6,1,2022-05-22 08:30:20,2022-05-22 08:30:51,2022-05-21 22:01:37,2022-05-21
500119064,YouBike2.0_臺大明達館機車停車場,10,0,臺大專區,2022-05-22 08:29:11,25.01754,121.54398,臺大明達館西側,NTU Dist,YouBike2.0_NTU Ming - Da Hall Parking,NTU Ming - Da Hall(West),10,1,2022-05-22 08:30:20,2022-05-22 08:30:51,2022-05-22 08:29:11,2022-05-22
500119065,YouBike2.0_臺大二號館,10,8,臺大專區,2022-05-22 08:15:13,25.01699,121.53574,臺大物理文物廳北側,NTU Dist,YouBike2.0_NTU Building No.2,NTU Heritage Hall of Physics,2,1,2022-05-22 08:30:20,2022-05-22 08:30:51,2022-05-22 08:15:13,2022-05-22
500119066,YouBike2.0_臺大凝態館南側,20,2,臺大專區,2022-05-22 08:07:11,25.02157,121.53633,臺大物理系館南側,NTU Dist,YouBike2.0_NTU Center for Condensed Matter Sciences(South),NTU Dept. of Physics Library,18,1,2022-05-22 08:30:20,2022-05-22 08:30:51,2022-05-22 08:07:11,2022-05-22
500119067,YouBike2.0_臺大社科院西側,42,15,臺大專區,2022-05-22 08:19:38,25.02053,121.54145,臺大社科院西側,NTU Dist,YouBike2.0_NTU College of social Sciences Building(West),NTU College of social Sciences Building(West),26,1,2022-05-22 08:30:20,2022-05-22 08:30:51,2022-05-22 08:19:38,2022-05-22
500119068,YouBike2.0_臺大社會系館南側,25,6,臺大專區,2022-05-22 08:29:11,25.01987,121.54175,臺大社會及社工館南側,NTU Dist,YouBike2.0_NTU Department of Sociology(South),NTU Dept. of Sociology / Dept. of Social Work(South),19,1,2022-05-22 08:30:20,2022-05-22 08:30:51,2022-05-22 08:29:11,2022-05-22
500119069,YouBike2.0_臺大思亮館東南側,10,7,臺大專區,2022-05-22 07:35:12,25.02074,121.53906,臺大思亮館東南側,NTU Dist,YouBike2.0_NTU Shih - Liang Hall(Southeast),NTU Shih - Liang Hall(Southeast),3,1,2022-05-22 08:30:20,2022-05-22 08:30:51,2022-05-22 07:35:12,2022-05-22
500119070,YouBike2.0_臺大椰林小舖,25,9,臺大專區,2022-05-22 08:13:38,25.01561,121.53583,臺大椰林小舖旁,NTU Dist,YouBike2.0_NTU Green Cabin,NTU Green Cabin,16,1,2022-05-22 08:30:20,2022-05-22 08:30:51,2022-05-22 08:13:38,2022-05-22
500119071,YouBike2.0_臺大計資中心南側,19,3,臺大專區,2022-05-22 07:51:10,25.02036,121.53992,臺大計算機網路資訊中心南側,NTU Dist,YouBike2.0_NTU Computer and Information Networking Center(South),NTU Computer and Information Networking Center(South),16,1,2022-05-22 08:30:20,2022-05-22 08:30:51,2022-05-22 07:51:10,2022-05-22
500119072,YouBike2.0_臺大原分所北側,12,0,臺大專區,2022-05-21 19:23:03,25.01881,121.53868,臺大原子與分子科學研究所東北側,NTU Dist,YouBike2.0_NTU Institute of Atomic and Molecular Sciences(North),NTU Institute of Atomic and Molecular Sciences(Northeast),12,1,2022-05-22 08:30:20,2022-05-22 08:30:51,2022-05-21 19:23:03,2022-05-21
500119073,YouBike2.0_臺大校史館南側,10,0,臺大專區,2022-05-03 16:05:19,25.01751,121.53569,臺大校史館南側,NTU Dist,YouBike2.0_NTU Library/Gallery of University History(South),NTU Library/Gallery of University History(South),10,0,2022-05-22 08:30:20,2022-05-22 08:30:51,2022-05-03 16:05:19,2022-05-03
500119074,YouBike2.0_臺大生命科學館西北側,10,2,臺大專區,2022-05-22 08:23:12,25.01548,121.53825,臺大動物博物館西側,NTU Dist,YouBike2.0_NTU Life Science Building(Northwest),Museum of Zoology(West),8,1,2022-05-22 08:30:20,2022-05-22 08:30:51,2022-05-22 08:23:12,2022-05-22
500119075,YouBike2.0_臺大第一活動中心西南側,40,5,臺大專區,2022-05-22 08:21:12,25.01761,121.53995,第一學生活動中心東南側,NTU Dist,YouBike2.0_NTU 1st Student Activity Center(Southwest),NTU 1st Student Activity Center(Southeast),35,1,2022-05-22 08:30:20,2022-05-22 08:30:51,2022-05-22 08:21:12,2022-05-22
500119076,YouBike2.0_臺大博理館西側,22,9,臺大專區,2022-05-22 08:08:11,25.01922,121.54195,臺大博理館西側,NTU Dist,YouBike2.0_NTU Barry Lam Hall(West),NTU Barry Lam Hall(West),13,1,2022-05-22 08:30:20,2022-05-22 08:30:51,2022-05-22 08:08:11,2022-05-22
500119077,YouBike2.0_臺大博雅館西側,56,6,臺大專區,2022-05-21 20:30:38,25.0189,121.536,臺大博雅館西側,NTU Dist,YouBike2.0_NTU Liberal Education Classroom Building(West),NTU Liberal Education Classroom Building(West),50,1,2022-05-22 08:30:20,2022-05-22 08:30:51,2022-05-21 20:30:38,2022-05-21
500119078,YouBike2.0_臺大森林館北側,10,0,臺大專區,2022-05-21 22:09:03,25.01704,121.53888,臺大森林系學系北側,NTU Dist,YouBike2.0_NTU Forestry Building(North),NTU Forestry Building(North),10,1,2022-05-22 08:30:20,2022-05-22 08:30:51,2022-05-21 22:09:03,2022-05-21
500119079,YouBike2.0_臺大一號館,19,2,臺大專區,2022-05-22 08:20:39,25.01698,121.53455,臺大植物魚類標本館一號館北側,NTU Dist,YouBike2.0_NTU Building No.1,NTU Building No.1(North),17,1,2022-05-22 08:30:20,2022-05-22 08:30:51,2022-05-22 08:20:39,2022-05-22
500119080,YouBike2.0_臺大小小福西南側,10,2,臺大專區,2022-05-21 23:38:11,25.01539,121.53686,臺大進修教育大樓,NTU Dist,YouBike2.0_NTU Xiao Xiao Fu Commissary(Southwest),NTU Omnium Gatherum Building,8,1,2022-05-22 08:30:20,2022-05-22 08:30:51,2022-05-21 23:38:11,2022-05-21
500119081,YouBike2.0_臺大教研館北側,11,2,臺大專區,2022-05-22 07:26:37,25.01337,121.53909,臺大雅頌廣場東南側,NTU Dist,YouBike2.0_NTU Teaching and Research Building(North),NTU The Odeum Square(Southeast),9,1,2022-05-22 08:30:20,2022-05-22 08:30:51,2022-05-22 07:26:37,2022-05-22
500119082,YouBike2.0_臺大四號館東北側,10,7,臺大專區,2022-05-21 23:28:11,25.01703,121.53781,臺大園藝暨景觀學系北側,NTU Dist,YouBike2.0_NTU Building No.4(Northeast),NTU Department of Horticulture(North),3,1,2022-05-22 08:30:20,2022-05-22 08:30:51,2022-05-21 23:28:11,2022-05-21
500119083,YouBike2.0_臺大新生教室南側,18,5,臺大專區,2022-05-22 07:55:17,25.0196,121.53846,臺大新生教學館南側,NTU Dist,YouBike2.0_NTU Freshman Classroom Building(South),NTU Freshman Classroom Building(South),13,1,2022-05-22 08:30:20,2022-05-22 08:30:51,2022-05-22 07:55:17,2022-05-22
500119084,YouBike2.0_臺大鄭江樓北側,10,2,臺大專區,2022-05-22 07:46:11,25.019,121.54305,臺大新聞研究所南側,NTU Dist,YouBike2.0_NTU Tseng Jiang Hall(North),NTU Graduate Institute of Journalism(South),8,1,2022-05-22 08:30:20,2022-05-22 08:30:51,2022-05-22 07:46:11,2022-05-22
500119085,YouBike2.0_臺大電機二館東南側,14,5,臺大專區,2022-05-22 08:13:11,25.01857,121.54247,臺大電機二館南側,NTU Dist,YouBike2.0_NTU E. E. Building No. 2(Southeast),NTU E. E. Building No. 2(Southeast),9,1,2022-05-22 08:30:20,2022-05-22 08:30:51,2022-05-22 08:13:11,2022-05-22
500119086,YouBike2.0_臺大圖資系館北側,10,1,臺大專區,2022-05-22 07:08:04,25.01804,121.53928,臺大圖書資訊館北側,NTU Dist,YouBike2.0_NTU Dept. of Library and Information Sciences(North),NTU Dept. of Library and Information Sciences(North),9,1,2022-05-22 08:30:20,2022-05-22 08:30:51,2022-05-22 07:08:04,2022-05-22
500119087,YouBike2.0_臺大總圖書館西南側,30,14,臺大專區,2022-05-22 08:27:38,25.0169,121.54031,臺大圖書館西南側,NTU Dist,YouBike2.0_NTU Main Library(Southwest),NTU Main Library(Southwest),16,1,2022-05-22 08:30:20,2022-05-22 08:30:51,2022-05-22 08:27:38,2022-05-22
500119088,YouBike2.0_臺大黑森林西側,20,2,臺大專區,2022-05-22 08:21:12,25.01995,121.54347,臺大霖澤館南側,NTU Dist,YouBike2.0_NTU Black Forest(West),NTU Tsai Lecture Hall(South),18,1,2022-05-22 08:30:20,2022-05-22 08:30:51,2022-05-22 08:21:12,2022-05-22
500119089,YouBike2.0_臺大獸醫館南側,10,2,臺大專區,2022-05-22 08:20:39,25.01791,121.54242,臺大獸醫系館南側,NTU Dist,YouBike2.0_NTU Dept. of Veterinary Medicine(South),NTU Dept. of Veterinary Medicine(South),8,1,2022-05-22 08:30:20,2022-05-22 08:30:51,2022-05-22 08:20:39,2022-05-22
500119090,YouBike2.0_臺大新體育館東南側,40,4,臺大專區,2022-05-22 07:10:16,25.02112,121.53591,臺大體育館東側,NTU Dist,YouBike2.0_NTU Sports Center(Southeast),NTU Sports Center(East),36,1,2022-05-22 08:30:20,2022-05-22 08:30:51,2022-05-22 07:10:16,2022-05-22
